  1579.680     0.007
  1579.718     0.007
  1579.755     0.008
  1579.792     0.008
  1579.830     0.008
  1579.867     0.009
  1579.905     0.009
  1579.942     0.009
  1579.979     0.010
  1580.017     0.010
  1580.054     0.010
  1580.092     0.011
  1580.129     0.011
  1580.167     0.011
  1580.204     0.011
  1580.241     0.012
  1580.279     0.012
  1580.316     0.012
  1580.354     0.013
  1580.391     0.013
  1580.429     0.013
  1580.466     0.014
  1580.503     0.014
  1580.541     0.014
  1580.578     0.015
  1580.616     0.015
  1580.653     0.015
  1580.690     0.016
  1580.728     0.016
  1580.765     0.016
  1580.803     0.017
  1580.840     0.017
  1580.878     0.017
  1580.915     0.017
  1580.952     0.018
  1580.990     0.018
  1581.027     0.021
  1581.065     0.021
  1581.102     0.021
  1581.139     0.021
  1581.177     0.021
  1581.214     0.020
  1581.252     0.020
  1581.289     0.020
  1581.327     0.020
  1581.364     0.020
  1581.401     0.020
  1581.439     0.020
  1581.476     0.019
  1581.514     0.019
  1581.551     0.019
  1581.588     0.018
  1581.626     0.018
  1581.663     0.017
  1581.701     0.017
  1581.738     0.016
  1581.776     0.016
  1581.813     0.015
  1581.850     0.015
  1581.888     0.014
  1581.925     0.014
  1581.963     0.013
  1582.000     0.013
  1582.037     0.012
  1582.075     0.012
  1582.112     0.012
  1582.150     0.011
  1582.187     0.011
  1582.225     0.010
  1582.262     0.010
  1582.299     0.009
  1582.337     0.009
  1582.374     0.008
  1582.412     0.008
  1582.449     0.007
  1582.486     0.007
  1582.524     0.006
  1582.561     0.006
  1582.599     0.005
  1582.636     0.005
  1582.674     0.005
  1582.711     0.004
  1582.748     0.004
  1582.786     0.004
  1582.823     0.003
  1582.861     0.003
  1582.898     0.003
  1582.936     0.003
  1582.973     0.003
  1583.010     0.002
  1583.048     0.002
  1583.085     0.002
  1583.123     0.002
  1583.160     0.001
  1583.197     0.001
  1583.235     0.001
  1583.272     0.001
  1583.310     0.001
  1583.347     0.000
  1583.385     0.000
  1583.422     0.000
  1583.459     0.001
  1583.497     0.001
  1583.534     0.001
  1583.572     0.001
  1583.609     0.001
  1583.646     0.002
  1583.684     0.002
  1583.721     0.002
  1583.759     0.002
  1583.796     0.002
  1583.834     0.003
  1583.871     0.003
  1583.908     0.003
  1583.946     0.003
  1583.983     0.003
  1584.021     0.004
  1584.058     0.004
  1584.095     0.004
  1584.133     0.004
  1584.170     0.004
  1584.208     0.005
  1584.245     0.005
  1584.283     0.005
  1584.320     0.005
  1584.357     0.005
  1584.395     0.006
  1584.432     0.006
  1584.470     0.006
  1584.507     0.006
  1584.544     0.006
  1584.582     0.007
  1584.619     0.007
  1584.657     0.007
  1584.694     0.007
  1584.732     0.007
  1584.769     0.008
  1584.806     0.008
  1584.844     0.008
  1584.881     0.008
  1584.919     0.008
  1584.956     0.009
  1584.993     0.009
  1585.031     0.009
  1585.068     0.009
  1585.106     0.009
  1585.143     0.010
  1585.181     0.010
  1585.218     0.010
  1585.255     0.010
  1585.293     0.011
  1585.330     0.011
  1585.368     0.011
  1585.405     0.012
  1585.443     0.012
  1585.480     0.013
  1585.517     0.014
  1585.555     0.015
  1585.592     0.015
  1585.630     0.016
  1585.667     0.017
  1585.704     0.018
  1585.742     0.019
  1585.779     0.019
  1585.817     0.020
  1585.854     0.021
  1585.892     0.022
  1585.929     0.023
  1585.966     0.023
  1586.004     0.024
  1586.041     0.025
  1586.079     0.026
  1586.116     0.026
  1586.153     0.027
  1586.191     0.028
  1586.228     0.029
  1586.266     0.030
  1586.303     0.030
  1586.341     0.031
  1586.378     0.032
  1586.415     0.033
  1586.453     0.034
  1586.490     0.034
  1586.528     0.035
  1586.565     0.036
  1586.602     0.035
  1586.640     0.035
  1586.677     0.035
  1586.715     0.035
  1586.752     0.035
  1586.790     0.034
  1586.827     0.034
  1586.864     0.034
  1586.902     0.034
  1586.939     0.034
  1586.977     0.034
  1587.014     0.033
  1587.051     0.033
  1587.089     0.033
  1587.126     0.033
  1587.164     0.033
  1587.201     0.033
  1587.239     0.032
  1587.276     0.032
  1587.313     0.032
  1587.351     0.032
  1587.388     0.032
  1587.426     0.031
  1587.463     0.031
  1587.500     0.031
  1587.538     0.031
  1587.575     0.031
  1587.613     0.031
  1587.650     0.030
  1587.688     0.030
  1587.725     0.030
  1587.762     0.030
  1587.800     0.030
  1587.837     0.030
  1587.875     0.029
  1587.912     0.029
  1587.950     0.029
  1587.987     0.029
  1588.024     0.029
  1588.062     0.029
  1588.099     0.029
  1588.137     0.029
  1588.174     0.029
  1588.211     0.029
  1588.249     0.029
  1588.286     0.028
  1588.324     0.028
  1588.361     0.028
  1588.399     0.028
  1588.436     0.028
  1588.473     0.028
  1588.511     0.028
  1588.548     0.028
  1588.586     0.028
  1588.623     0.028
  1588.660     0.028
  1588.698     0.028
  1588.735     0.028
  1588.773     0.028
  1588.810     0.027
  1588.848     0.027
  1588.885     0.027
  1588.922     0.027
  1588.960     0.027
  1588.997     0.027
  1589.035     0.027
  1589.072     0.027
  1589.109     0.027
  1589.147     0.027
  1589.184     0.027
  1589.222     0.027
  1589.259     0.027
  1589.297     0.026
  1589.334     0.026
  1589.371     0.026
  1589.409     0.026
  1589.446     0.026
  1589.484     0.026
  1589.521     0.027
  1589.558     0.027
  1589.596     0.027
  1589.633     0.027
  1589.671     0.027
  1589.708     0.027
  1589.746     0.028
  1589.783     0.028
  1589.820     0.028
  1589.858     0.028
  1589.895     0.028
  1589.933     0.029
  1589.970     0.029
  1590.007     0.029
  1590.045     0.029
  1590.082     0.029
  1590.120     0.030
  1590.157     0.030
  1590.195     0.030
  1590.232     0.030
  1590.269     0.030
  1590.307     0.030
  1590.344     0.031
  1590.382     0.031
  1590.419     0.031
  1590.457     0.031
  1590.494     0.031
  1590.531     0.032
  1590.569     0.032
  1590.606     0.032
  1590.644     0.032
  1590.681     0.032
  1590.718     0.033
  1590.756     0.033
  1590.793     0.033
  1590.831     0.033
  1590.868     0.033
  1590.906     0.033
  1590.943     0.033
  1590.980     0.033
  1591.018     0.033
  1591.055     0.032
  1591.093     0.032
  1591.130     0.032
  1591.167     0.032
  1591.205     0.032
  1591.242     0.032
  1591.280     0.032
  1591.317     0.032
  1591.355     0.032
  1591.392     0.031
  1591.429     0.030
  1591.467     0.029
  1591.504     0.028
  1591.542     0.027
  1591.579     0.026
  1591.616     0.025
  1591.654     0.024
  1591.691     0.023
  1591.729     0.022
  1591.766     0.021
  1591.804     0.021
  1591.841     0.020
  1591.878     0.019
  1591.916     0.018
  1591.953     0.017
  1591.991     0.016
  1592.028     0.015
  1592.065     0.014
  1592.103     0.013
  1592.140     0.012
  1592.178     0.011
  1592.215     0.010
  1592.253     0.009
  1592.290     0.008
  1592.327     0.007
  1592.365     0.006
  1592.402     0.005
  1592.440     0.004
  1592.477     0.003
  1592.514     0.002
  1592.552     0.002
  1592.589     0.001
  1592.627     0.001
  1592.664     0.001
  1592.702     0.001
  1592.739     0.001
  1592.776     0.002
  1592.814     0.002
  1592.851     0.002
  1592.889     0.003
  1592.926     0.003
  1592.964     0.003
  1593.001     0.003
  1593.038     0.004
  1593.076     0.004
  1593.113     0.004
  1593.151     0.005
  1593.188     0.005
  1593.225     0.005
  1593.263     0.006
  1593.300     0.006
  1593.338     0.006
  1593.375     0.007
  1593.413     0.007
  1593.450     0.007
  1593.487     0.008
  1593.525     0.008
  1593.562     0.008
  1593.600     0.008
  1593.637     0.009
  1593.674     0.009
  1593.712     0.009
  1593.749     0.010
  1593.787     0.010
  1593.824     0.010
  1593.862     0.011
  1593.899     0.011
  1593.936     0.011
  1593.974     0.012
  1594.011     0.012
  1594.049     0.012
  1594.086     0.013
  1594.123     0.013
  1594.161     0.013
  1594.198     0.014
  1594.236     0.014
  1594.273     0.014
  1594.311     0.014
  1594.348     0.015
  1594.385     0.015
  1594.423     0.015
  1594.460     0.016
  1594.498     0.016
  1594.535     0.016
  1594.572     0.017
  1594.610     0.017
  1594.647     0.017
  1594.685     0.018
  1594.722     0.018
  1594.760     0.018
  1594.797     0.019
  1594.834     0.019
  1594.872     0.019
  1594.909     0.019
  1594.947     0.020
  1594.984     0.020
  1595.021     0.020
  1595.059     0.021
  1595.096     0.021
  1595.134     0.021
  1595.171     0.022
  1595.209     0.022
  1595.246     0.022
  1595.283     0.023
  1595.321     0.023
  1595.358     0.023
  1595.396     0.024
  1595.433     0.024
  1595.471     0.023
  1595.508     0.023
  1595.545     0.023
  1595.583     0.022
  1595.620     0.022
  1595.658     0.021
  1595.695     0.021
  1595.732     0.021
  1595.770     0.020
  1595.807     0.020
  1595.845     0.019
  1595.882     0.019
  1595.920     0.018
  1595.957     0.018
  1595.994     0.018
  1596.032     0.017
  1596.069     0.017
  1596.107     0.016
  1596.144     0.016
  1596.181     0.016
  1596.219     0.015
  1596.256     0.015
  1596.294     0.014
  1596.331     0.014
  1596.369     0.013
  1596.406     0.013
  1596.443     0.013
  1596.481     0.012
  1596.518     0.012
  1596.556     0.011
  1596.593     0.011
  1596.630     0.010
  1596.668     0.010
  1596.705     0.010
  1596.743     0.009
  1596.780     0.009
  1596.818     0.008
  1596.855     0.008
  1596.892     0.008
  1596.930     0.007
  1596.967     0.007
  1597.005     0.006
  1597.042     0.006
  1597.079     0.005
  1597.117     0.005
  1597.154     0.005
  1597.192     0.004
  1597.229     0.004
  1597.267     0.003
  1597.304     0.003
  1597.341     0.003
  1597.379     0.003
  1597.416     0.003
  1597.454     0.003
  1597.491     0.002
  1597.528     0.002
  1597.566     0.002
  1597.603     0.002
  1597.641     0.002
  1597.678     0.002
  1597.716     0.002
  1597.753     0.002
  1597.790     0.002
  1597.828     0.002
  1597.865     0.002
  1597.903     0.001
  1597.940     0.001
  1597.978     0.001
  1598.015     0.001
  1598.052     0.001
  1598.090     0.001
  1598.127     0.001
  1598.165     0.001
  1598.202     0.001
  1598.239     0.001
  1598.277     0.001
  1598.314     0.000
  1598.352     0.000
  1598.389     0.000
  1598.427     0.000
  1598.464     0.000
  1598.501     0.000
  1598.539     0.000
  1598.576     0.000
  1598.614     0.000
  1598.651     0.000
  1598.688     0.000
  1598.726     0.000
  1598.763     0.000
  1598.801     0.001
  1598.838     0.001
  1598.876     0.001
  1598.913     0.001
  1598.950     0.001
  1598.988     0.001
  1599.025     0.001
  1599.063     0.001
  1599.100     0.001
  1599.137     0.001
  1599.175     0.001
  1599.212     0.001
  1599.250     0.001
  1599.287     0.001
  1599.325     0.002
  1599.362     0.002
  1599.399     0.002
  1599.437     0.002
  1599.474     0.002
  1599.512     0.002
  1599.549     0.002
  1599.586     0.002
  1599.624     0.002
  1599.661     0.002
  1599.699     0.002
  1599.736     0.002
  1599.774     0.002
  1599.811     0.002
  1599.848     0.003
  1599.886     0.003
  1599.923     0.003
  1599.961     0.003
  1599.998     0.003
  1600.035     0.003
  1600.073     0.003
  1600.110     0.003
  1600.148     0.003
  1600.185     0.003
  1600.223     0.003
  1600.260     0.003
  1600.297     0.003
  1600.335     0.003
  1600.372     0.004
  1600.410     0.004
  1600.447     0.004
  1600.485     0.004
  1600.522     0.004
  1600.559     0.004
  1600.597     0.004
  1600.634     0.004
  1600.672     0.004
  1600.709     0.004
  1600.746     0.004
  1600.784     0.004
  1600.821     0.004
  1600.859     0.004
  1600.896     0.005
  1600.934     0.005
  1600.971     0.005
  1601.008     0.005
  1601.046     0.005
  1601.083     0.005
  1601.121     0.005
  1601.158     0.005
  1601.195     0.005
  1601.233     0.005
  1601.270     0.005
  1601.308     0.005
  1601.345     0.005
  1601.383     0.005
  1601.420     0.005
  1601.457     0.005
  1601.495     0.005
  1601.532     0.005
  1601.570     0.005
  1601.607     0.005
  1601.644     0.005
  1601.682     0.005
  1601.719     0.005
  1601.757     0.005
  1601.794     0.005
  1601.832     0.004
  1601.869     0.004
  1601.906     0.004
  1601.944     0.004
  1601.981     0.004
  1602.019     0.004
  1602.056     0.004
  1602.093     0.004
  1602.131     0.004
  1602.168     0.004
  1602.206     0.004
  1602.243     0.004
  1602.281     0.003
  1602.318     0.003
  1602.355     0.003
  1602.393     0.003
  1602.430     0.003
  1602.468     0.003
  1602.505     0.003
  1602.542     0.003
  1602.580     0.003
  1602.617     0.003
  1602.655     0.003
  1602.692     0.002
  1602.730     0.002
  1602.767     0.002
  1602.804     0.002
  1602.842     0.002
  1602.879     0.002
  1602.917     0.002
  1602.954     0.002
  1602.992     0.002
  1603.029     0.002
  1603.066     0.002
  1603.104     0.002
  1603.141     0.001
  1603.179     0.001
  1603.216     0.001
  1603.253     0.001
  1603.291     0.001
  1603.328     0.002
  1603.366     0.003
  1603.403     0.004
  1603.441     0.006
  1603.478     0.007
  1603.515     0.008
  1603.553     0.009
  1603.590     0.010
  1603.628     0.011
  1603.665     0.012
  1603.702     0.014
  1603.740     0.015
  1603.777     0.016
  1603.815     0.017
  1603.852     0.018
  1603.890     0.019
  1603.927     0.020
  1603.964     0.021
  1604.002     0.023
  1604.039     0.024
  1604.077     0.025
  1604.114     0.026
  1604.151     0.027
  1604.189     0.028
  1604.226     0.029
  1604.264     0.030
  1604.301     0.032
  1604.339     0.033
  1604.376     0.034
  1604.413     0.035
  1604.451     0.036
  1604.488     0.037
  1604.526     0.038
  1604.563     0.038
  1604.600     0.038
  1604.638     0.037
  1604.675     0.037
  1604.713     0.036
  1604.750     0.036
  1604.788     0.035
  1604.825     0.035
  1604.862     0.034
  1604.900     0.034
  1604.937     0.034
  1604.975     0.033
  1605.012     0.033
  1605.050     0.032
  1605.087     0.032
  1605.124     0.031
  1605.162     0.031
  1605.199     0.030
  1605.237     0.030
  1605.274     0.029
  1605.311     0.029
  1605.349     0.028
  1605.386     0.028
  1605.424     0.027
  1605.461     0.027
  1605.499     0.026
  1605.536     0.026
  1605.573     0.025
  1605.611     0.025
  1605.648     0.024
  1605.686     0.024
  1605.723     0.023
  1605.760     0.023
  1605.798     0.022
  1605.835     0.022
  1605.873     0.021
  1605.910     0.021
  1605.948     0.020
  1605.985     0.020
  1606.022     0.019
  1606.060     0.019
  1606.097     0.018
  1606.135     0.018
  1606.172     0.017
  1606.209     0.017
  1606.247     0.016
  1606.284     0.016
  1606.322     0.015
  1606.359     0.015
  1606.397     0.014
  1606.434     0.014
  1606.471     0.013
  1606.509     0.014
  1606.546     0.014
  1606.584     0.015
  1606.621     0.015
  1606.658     0.015
  1606.696     0.016
  1606.733     0.016
  1606.771     0.017
  1606.808     0.018
  1606.846     0.019
  1606.883     0.021
  1606.920     0.022
  1606.958     0.023
  1606.995     0.024
  1607.033     0.026
  1607.070     0.027
  1607.107     0.028
  1607.145     0.030
  1607.182     0.031
  1607.220     0.032
  1607.257     0.034
  1607.295     0.035
  1607.332     0.036
  1607.369     0.037
  1607.407     0.039
  1607.444     0.040
  1607.482     0.041
  1607.519     0.043
  1607.557     0.044
  1607.594     0.045
  1607.631     0.046
  1607.669     0.048
  1607.706     0.049
  1607.744     0.050
  1607.781     0.052
  1607.818     0.053
  1607.856     0.054
  1607.893     0.056
  1607.931     0.057
  1607.968     0.058
  1608.006     0.059
  1608.043     0.059
  1608.080     0.059
  1608.118     0.059
  1608.155     0.059
  1608.193     0.059
  1608.230     0.059
  1608.267     0.059
  1608.305     0.059
  1608.342     0.059
  1608.380     0.059
  1608.417     0.059
  1608.455     0.059
  1608.492     0.059
  1608.529     0.059
  1608.567     0.059
  1608.604     0.059
  1608.642     0.059
  1608.679     0.059
  1608.716     0.059
  1608.754     0.059
  1608.791     0.059
  1608.829     0.059
  1608.866     0.059
  1608.904     0.059
  1608.941     0.059
  1608.978     0.059
  1609.016     0.059
  1609.053     0.059
  1609.091     0.060
  1609.128     0.060
  1609.165     0.060
  1609.203     0.060
  1609.240     0.060
  1609.278     0.060
  1609.315     0.059
  1609.353     0.059
  1609.390     0.058
  1609.427     0.057
  1609.465     0.057
  1609.502     0.056
  1609.540     0.056
  1609.577     0.055
  1609.614     0.054
  1609.652     0.054
  1609.689     0.053
  1609.727     0.052
  1609.764     0.052
  1609.802     0.051
  1609.839     0.051
  1609.876     0.050
  1609.914     0.049
  1609.951     0.049
  1609.989     0.048
  1610.026     0.048
  1610.064     0.047
  1610.101     0.046
  1610.138     0.046
  1610.176     0.045
  1610.213     0.045
  1610.251     0.044
  1610.288     0.043
  1610.325     0.043
  1610.363     0.042
  1610.400     0.042
  1610.438     0.041
  1610.475     0.040
  1610.513     0.040
  1610.550     0.039
  1610.587     0.038
  1610.625     0.038
  1610.662     0.037
  1610.700     0.037
  1610.737     0.036
  1610.774     0.035
  1610.812     0.035
  1610.849     0.034
  1610.887     0.034
  1610.924     0.033
  1610.962     0.033
  1610.999     0.033
  1611.036     0.033
  1611.074     0.033
  1611.111     0.032
  1611.149     0.032
  1611.186     0.032
  1611.223     0.032
  1611.261     0.032
  1611.298     0.033
  1611.336     0.034
  1611.373     0.034
  1611.411     0.035
  1611.448     0.036
  1611.485     0.037
  1611.523     0.038
  1611.560     0.038
  1611.598     0.039
  1611.635     0.040
  1611.672     0.041
  1611.710     0.042
  1611.747     0.042
  1611.785     0.043
  1611.822     0.044
  1611.860     0.045
  1611.897     0.046
  1611.934     0.047
  1611.972     0.047
  1612.009     0.048
  1612.047     0.049
  1612.084     0.050
  1612.121     0.051
  1612.159     0.051
  1612.196     0.052
  1612.234     0.053
  1612.271     0.054
  1612.309     0.055
  1612.346     0.055
  1612.383     0.056
  1612.421     0.057
  1612.458     0.057
  1612.496     0.057
  1612.533     0.056
  1612.571     0.056
  1612.608     0.055
  1612.645     0.055
  1612.683     0.054
  1612.720     0.054
  1612.758     0.053
  1612.795     0.053
  1612.832     0.052
  1612.870     0.052
  1612.907     0.051
  1612.945     0.051
  1612.982     0.050
  1613.020     0.050
  1613.057     0.049
  1613.094     0.049
  1613.132     0.048
  1613.169     0.048
  1613.207     0.047
  1613.244     0.047
  1613.281     0.046
  1613.319     0.045
  1613.356     0.045
  1613.394     0.044
  1613.431     0.044
  1613.469     0.043
  1613.506     0.043
  1613.543     0.042
  1613.581     0.042
  1613.618     0.041
  1613.656     0.041
  1613.693     0.040
  1613.730     0.040
  1613.768     0.039
  1613.805     0.039
  1613.843     0.038
  1613.880     0.038
  1613.918     0.037
  1613.955     0.037
  1613.992     0.036
  1614.030     0.036
  1614.067     0.035
  1614.105     0.035
  1614.142     0.034
  1614.179     0.034
  1614.217     0.033
  1614.254     0.033
  1614.292     0.032
  1614.329     0.032
  1614.367     0.031
  1614.404     0.030
  1614.441     0.030
  1614.479     0.029
  1614.516     0.029
  1614.554     0.028
  1614.591     0.028
  1614.628     0.027
  1614.666     0.027
  1614.703     0.026
  1614.741     0.026
  1614.778     0.025
  1614.816     0.025
  1614.853     0.024
  1614.890     0.024
  1614.928     0.023
  1614.965     0.023
  1615.003     0.022
  1615.040     0.022
  1615.078     0.021
  1615.115     0.021
  1615.152     0.020
  1615.190     0.020
  1615.227     0.019
  1615.265     0.019
  1615.302     0.018
  1615.339     0.018
  1615.377     0.019
  1615.414     0.019
  1615.452     0.020
  1615.489     0.020
  1615.527     0.021
  1615.564     0.022
  1615.601     0.022
  1615.639     0.023
  1615.676     0.023
  1615.714     0.024
  1615.751     0.024
  1615.788     0.025
  1615.826     0.025
  1615.863     0.026
  1615.901     0.027
  1615.938     0.027
  1615.976     0.028
  1616.013     0.028
  1616.050     0.029
  1616.088     0.029
  1616.125     0.030
  1616.163     0.030
  1616.200     0.031
  1616.237     0.031
  1616.275     0.032
  1616.312     0.033
  1616.350     0.033
  1616.387     0.034
  1616.425     0.034
  1616.462     0.035
  1616.499     0.035
  1616.537     0.036
  1616.574     0.036
  1616.612     0.037
  1616.649     0.037
  1616.686     0.038
  1616.724     0.039
  1616.761     0.039
  1616.799     0.040
  1616.836     0.040
  1616.874     0.041
  1616.911     0.041
  1616.948     0.042
  1616.986     0.042
  1617.023     0.043
  1617.061     0.043
  1617.098     0.044
  1617.135     0.045
  1617.173     0.045
  1617.210     0.046
  1617.248     0.046
  1617.285     0.045
  1617.323     0.045
  1617.360     0.045
  1617.397     0.045
  1617.435     0.045
  1617.472     0.045
  1617.510     0.045
  1617.547     0.044
  1617.585     0.044
  1617.622     0.044
  1617.659     0.044
  1617.697     0.044
  1617.734     0.044
  1617.772     0.044
  1617.809     0.043
  1617.846     0.043
  1617.884     0.043
  1617.921     0.043
  1617.959     0.043
  1617.996     0.043
  1618.034     0.043
  1618.071     0.042
  1618.108     0.042
  1618.146     0.042
  1618.183     0.042
  1618.221     0.042
  1618.258     0.042
  1618.295     0.042
  1618.333     0.041
  1618.370     0.041
  1618.408     0.041
  1618.445     0.041
  1618.483     0.041
  1618.520     0.041
  1618.557     0.041
  1618.595     0.040
  1618.632     0.040
  1618.670     0.040
  1618.707     0.040
  1618.744     0.040
  1618.782     0.040
  1618.819     0.040
  1618.857     0.041
  1618.894     0.041
  1618.932     0.042
  1618.969     0.042
  1619.006     0.043
  1619.044     0.043
  1619.081     0.044
  1619.119     0.044
  1619.156     0.044
  1619.193     0.045
  1619.231     0.046
  1619.268     0.047
  1619.306     0.048
  1619.343     0.050
  1619.381     0.051
  1619.418     0.052
  1619.455     0.053
  1619.493     0.055
  1619.530     0.056
  1619.568     0.057
  1619.605     0.058
  1619.642     0.059
  1619.680     0.061
  1619.717     0.062
  1619.755     0.063
  1619.792     0.064
  1619.830     0.065
  1619.867     0.067
  1619.904     0.068
  1619.942     0.069
  1619.979     0.070
  1620.017     0.071
  1620.054     0.072
  1620.092     0.073
  1620.129     0.074
  1620.166     0.076
  1620.204     0.077
  1620.241     0.078
  1620.279     0.079
  1620.316     0.080
  1620.353     0.081
  1620.391     0.081
  1620.428     0.082
  1620.466     0.082
  1620.503     0.082
  1620.541     0.082
  1620.578     0.083
  1620.615     0.083
  1620.653     0.083
  1620.690     0.083
  1620.728     0.083
  1620.765     0.084
  1620.802     0.084
  1620.840     0.084
  1620.877     0.084
  1620.915     0.084
  1620.952     0.084
  1620.990     0.085
  1621.027     0.085
  1621.064     0.085
  1621.102     0.085
  1621.139     0.085
  1621.177     0.086
  1621.214     0.086
  1621.251     0.086
  1621.289     0.086
  1621.326     0.086
  1621.364     0.087
  1621.401     0.087
  1621.439     0.087
  1621.476     0.087
  1621.513     0.087
  1621.551     0.088
  1621.588     0.088
  1621.626     0.088
  1621.663     0.088
  1621.700     0.088
  1621.738     0.089
  1621.775     0.089
  1621.813     0.089
  1621.850     0.089
  1621.888     0.089
  1621.925     0.090
  1621.962     0.090
  1622.000     0.090
  1622.037     0.090
  1622.075     0.090
  1622.112     0.091
  1622.149     0.091
  1622.187     0.091
  1622.224     0.091
  1622.262     0.091
  1622.299     0.092
  1622.337     0.092
  1622.374     0.092
  1622.411     0.092
  1622.449     0.092
  1622.486     0.093
  1622.524     0.093
  1622.561     0.093
  1622.599     0.093
  1622.636     0.093
  1622.673     0.094
  1622.711     0.094
  1622.748     0.094
  1622.786     0.094
  1622.823     0.094
  1622.860     0.095
  1622.898     0.095
  1622.935     0.097
  1622.973     0.098
  1623.010     0.100
  1623.048     0.101
  1623.085     0.103
  1623.122     0.104
  1623.160     0.106
  1623.197     0.107
  1623.235     0.109
  1623.272     0.111
  1623.309     0.114
  1623.347     0.119
  1623.384     0.123
  1623.422     0.127
  1623.459     0.131
  1623.497     0.135
  1623.534     0.140
  1623.571     0.144
  1623.609     0.148
  1623.646     0.152
  1623.684     0.156
  1623.721     0.161
  1623.758     0.165
  1623.796     0.169
  1623.833     0.173
  1623.871     0.177
  1623.908     0.181
  1623.946     0.186
  1623.983     0.190
  1624.020     0.194
  1624.058     0.198
  1624.095     0.202
  1624.133     0.207
  1624.170     0.211
  1624.207     0.215
  1624.245     0.219
  1624.282     0.223
  1624.320     0.227
  1624.357     0.232
  1624.395     0.236
  1624.432     0.240
  1624.469     0.244
  1624.507     0.248
  1624.544     0.253
  1624.582     0.257
  1624.619     0.261
  1624.656     0.265
  1624.694     0.269
  1624.731     0.273
  1624.769     0.277
  1624.806     0.278
  1624.844     0.277
  1624.881     0.275
  1624.918     0.274
  1624.956     0.273
  1624.993     0.272
  1625.031     0.271
  1625.068     0.270
  1625.106     0.269
  1625.143     0.268
  1625.180     0.265
  1625.218     0.260
  1625.255     0.254
  1625.293     0.249
  1625.330     0.243
  1625.367     0.237
  1625.405     0.232
  1625.442     0.226
  1625.480     0.221
  1625.517     0.215
  1625.555     0.209
  1625.592     0.204
  1625.629     0.198
  1625.667     0.193
  1625.704     0.187
  1625.742     0.181
  1625.779     0.176
  1625.816     0.170
  1625.854     0.164
  1625.891     0.159
  1625.929     0.153
  1625.966     0.148
  1626.004     0.144
  1626.041     0.142
  1626.078     0.140
  1626.116     0.139
  1626.153     0.137
  1626.191     0.135
  1626.228     0.133
  1626.265     0.131
  1626.303     0.130
  1626.340     0.130
  1626.378     0.130
  1626.415     0.130
  1626.453     0.130
  1626.490     0.130
  1626.527     0.130
  1626.565     0.130
  1626.602     0.130
  1626.640     0.131
  1626.677     0.131
  1626.714     0.131
  1626.752     0.131
  1626.789     0.131
  1626.827     0.131
  1626.864     0.131
  1626.902     0.131
  1626.939     0.131
  1626.976     0.132
  1627.014     0.132
  1627.051     0.132
  1627.089     0.132
  1627.126     0.132
  1627.163     0.132
  1627.201     0.132
  1627.238     0.132
  1627.276     0.133
  1627.313     0.133
  1627.351     0.133
  1627.388     0.133
  1627.425     0.133
  1627.463     0.133
  1627.500     0.133
  1627.538     0.133
  1627.575     0.134
  1627.613     0.134
  1627.650     0.134
  1627.687     0.134
  1627.725     0.134
  1627.762     0.134
  1627.800     0.134
  1627.837     0.134
  1627.874     0.134
  1627.912     0.135
  1627.949     0.135
  1627.987     0.135
  1628.024     0.135
  1628.062     0.135
  1628.099     0.135
  1628.136     0.135
  1628.174     0.135
  1628.211     0.136
  1628.249     0.136
  1628.286     0.136
  1628.323     0.136
  1628.361     0.136
  1628.398     0.136
  1628.436     0.136
  1628.473     0.136
  1628.511     0.136
  1628.548     0.137
  1628.585     0.137
  1628.623     0.137
  1628.660     0.137
  1628.698     0.137
  1628.735     0.137
  1628.772     0.137
  1628.810     0.137
  1628.847     0.138
  1628.885     0.138
  1628.922     0.137
  1628.960     0.137
  1628.997     0.136
  1629.034     0.136
  1629.072     0.136
  1629.109     0.135
  1629.147     0.135
  1629.184     0.134
  1629.221     0.134
  1629.259     0.134
  1629.296     0.133
  1629.334     0.133
  1629.371     0.133
  1629.409     0.132
  1629.446     0.132
  1629.483     0.132
  1629.521     0.131
  1629.558     0.131
  1629.596     0.131
  1629.633     0.130
  1629.670     0.130
  1629.708     0.130
  1629.745     0.130
  1629.783     0.129
  1629.820     0.129
  1629.858     0.129
  1629.895     0.128
  1629.932     0.128
  1629.970     0.128
  1630.007     0.127
  1630.045     0.127
  1630.082     0.127
  1630.120     0.126
  1630.157     0.126
  1630.194     0.126
  1630.232     0.126
  1630.269     0.125
  1630.307     0.125
  1630.344     0.125
  1630.381     0.124
  1630.419     0.124
  1630.456     0.124
  1630.494     0.123
  1630.531     0.123
  1630.569     0.123
  1630.606     0.122
  1630.643     0.122
  1630.681     0.122
  1630.718     0.122
  1630.756     0.121
  1630.793     0.121
  1630.830     0.122
  1630.868     0.122
  1630.905     0.123
  1630.943     0.124
  1630.980     0.124
  1631.018     0.125
  1631.055     0.125
  1631.092     0.126
  1631.130     0.127
  1631.167     0.128
  1631.205     0.130
  1631.242     0.132
  1631.279     0.133
  1631.317     0.135
  1631.354     0.137
  1631.392     0.139
  1631.429     0.141
  1631.467     0.142
  1631.504     0.144
  1631.541     0.146
  1631.579     0.148
  1631.616     0.150
  1631.654     0.151
  1631.691     0.153
  1631.728     0.155
  1631.766     0.157
  1631.803     0.158
  1631.841     0.160
  1631.878     0.162
  1631.916     0.164
  1631.953     0.166
  1631.990     0.167
  1632.028     0.169
  1632.065     0.171
  1632.103     0.172
  1632.140     0.174
  1632.177     0.175
  1632.215     0.177
  1632.252     0.178
  1632.290     0.180
  1632.327     0.181
  1632.365     0.182
  1632.402     0.183
  1632.439     0.184
  1632.477     0.184
  1632.514     0.185
  1632.552     0.185
  1632.589     0.186
  1632.627     0.186
  1632.664     0.187
  1632.701     0.188
  1632.739     0.188
  1632.776     0.189
  1632.814     0.189
  1632.851     0.190
  1632.888     0.190
  1632.926     0.191
  1632.963     0.192
  1633.001     0.192
  1633.038     0.193
  1633.076     0.193
  1633.113     0.194
  1633.150     0.195
  1633.188     0.195
  1633.225     0.196
  1633.263     0.196
  1633.300     0.197
  1633.337     0.197
  1633.375     0.198
  1633.412     0.199
  1633.450     0.199
  1633.487     0.200
  1633.525     0.200
  1633.562     0.201
  1633.599     0.202
  1633.637     0.202
  1633.674     0.203
  1633.712     0.203
  1633.749     0.204
  1633.786     0.204
  1633.824     0.205
  1633.861     0.206
  1633.899     0.206
  1633.936     0.207
  1633.974     0.208
  1634.011     0.210
  1634.048     0.211
  1634.086     0.212
  1634.123     0.213
  1634.161     0.215
  1634.198     0.216
  1634.235     0.217
  1634.273     0.218
  1634.310     0.220
  1634.348     0.221
  1634.385     0.222
  1634.423     0.223
  1634.460     0.225
  1634.497     0.226
  1634.535     0.227
  1634.572     0.228
  1634.610     0.229
  1634.647     0.231
  1634.684     0.232
  1634.722     0.233
  1634.759     0.234
  1634.797     0.236
  1634.834     0.237
  1634.872     0.238
  1634.909     0.239
  1634.946     0.241
  1634.984     0.242
  1635.021     0.243
  1635.059     0.244
  1635.096     0.246
  1635.134     0.247
  1635.171     0.248
  1635.208     0.249
  1635.246     0.252
  1635.283     0.254
  1635.321     0.257
  1635.358     0.259
  1635.395     0.262
  1635.433     0.264
  1635.470     0.266
  1635.508     0.269
  1635.545     0.271
  1635.583     0.274
  1635.620     0.276
  1635.657     0.279
  1635.695     0.281
  1635.732     0.284
  1635.770     0.286
  1635.807     0.288
  1635.844     0.291
  1635.882     0.293
  1635.919     0.296
  1635.957     0.298
  1635.994     0.301
  1636.032     0.303
  1636.069     0.306
  1636.106     0.308
  1636.144     0.310
  1636.181     0.313
  1636.219     0.315
  1636.256     0.318
  1636.293     0.320
  1636.331     0.323
  1636.368     0.325
  1636.406     0.328
  1636.443     0.330
  1636.481     0.332
  1636.518     0.335
  1636.555     0.337
  1636.593     0.340
  1636.630     0.342
  1636.668     0.345
  1636.705     0.347
  1636.742     0.349
  1636.780     0.352
  1636.817     0.354
  1636.855     0.357
  1636.892     0.358
  1636.930     0.360
  1636.967     0.361
  1637.004     0.362
  1637.042     0.364
  1637.079     0.365
  1637.117     0.367
  1637.154     0.368
  1637.191     0.370
  1637.229     0.372
  1637.266     0.373
  1637.304     0.375
  1637.341     0.377
  1637.379     0.378
  1637.416     0.380
  1637.453     0.382
  1637.491     0.383
  1637.528     0.385
  1637.566     0.387
  1637.603     0.388
  1637.641     0.390
  1637.678     0.392
  1637.715     0.393
  1637.753     0.395
  1637.790     0.397
  1637.828     0.398
  1637.865     0.400
  1637.902     0.402
  1637.940     0.403
  1637.977     0.405
  1638.015     0.407
  1638.052     0.408
  1638.090     0.410
  1638.127     0.412
  1638.164     0.413
  1638.202     0.415
  1638.239     0.417
  1638.277     0.418
  1638.314     0.419
  1638.351     0.417
  1638.389     0.416
  1638.426     0.415
  1638.464     0.414
  1638.501     0.412
  1638.539     0.411
  1638.576     0.410
  1638.613     0.409
  1638.651     0.407
  1638.688     0.406
  1638.726     0.405
  1638.763     0.404
  1638.800     0.402
  1638.838     0.401
  1638.875     0.401
  1638.913     0.400
  1638.950     0.399
  1638.988     0.398
  1639.025     0.397
  1639.062     0.396
  1639.100     0.395
  1639.137     0.394
  1639.175     0.394
  1639.212     0.393
  1639.249     0.392
  1639.287     0.391
  1639.324     0.390
  1639.362     0.389
  1639.399     0.388
  1639.437     0.388
  1639.474     0.387
  1639.511     0.386
  1639.549     0.385
  1639.586     0.384
  1639.624     0.383
  1639.661     0.382
  1639.698     0.381
  1639.736     0.381
  1639.773     0.380
  1639.811     0.379
  1639.848     0.378
  1639.886     0.377
  1639.923     0.376
  1639.960     0.375
  1639.998     0.375
  1640.035     0.375
  1640.073     0.374
  1640.110     0.374
  1640.148     0.373
  1640.185     0.373
  1640.222     0.373
  1640.260     0.372
  1640.297     0.372
  1640.335     0.372
  1640.372     0.371
  1640.409     0.371
  1640.447     0.371
  1640.484     0.370
  1640.522     0.370
  1640.559     0.369
  1640.597     0.369
  1640.634     0.369
  1640.671     0.368
  1640.709     0.368
  1640.746     0.368
  1640.784     0.367
  1640.821     0.367
  1640.858     0.367
  1640.896     0.366
  1640.933     0.366
  1640.971     0.366
  1641.008     0.365
  1641.046     0.365
  1641.083     0.364
  1641.120     0.364
  1641.158     0.364
  1641.195     0.364
  1641.233     0.365
  1641.270     0.366
  1641.307     0.367
  1641.345     0.368
  1641.382     0.369
  1641.420     0.370
  1641.457     0.371
  1641.495     0.372
  1641.532     0.372
  1641.569     0.373
  1641.607     0.374
  1641.644     0.375
  1641.682     0.376
  1641.719     0.377
  1641.756     0.378
  1641.794     0.379
  1641.831     0.380
  1641.869     0.381
  1641.906     0.382
  1641.944     0.382
  1641.981     0.381
  1642.018     0.380
  1642.056     0.379
  1642.093     0.378
  1642.131     0.377
  1642.168     0.376
  1642.205     0.375
  1642.243     0.374
  1642.280     0.373
  1642.318     0.372
  1642.355     0.371
  1642.393     0.370
  1642.430     0.369
  1642.467     0.368
  1642.505     0.367
  1642.542     0.366
  1642.580     0.365
  1642.617     0.364
  1642.655     0.363
  1642.692     0.362
  1642.729     0.361
  1642.767     0.360
  1642.804     0.359
  1642.842     0.357
  1642.879     0.356
  1642.916     0.355
  1642.954     0.354
  1642.991     0.353
  1643.029     0.352
  1643.066     0.351
  1643.104     0.351
  1643.141     0.351
  1643.178     0.350
  1643.216     0.350
  1643.253     0.350
  1643.291     0.350
  1643.328     0.350
  1643.365     0.349
  1643.403     0.349
  1643.440     0.349
  1643.478     0.349
  1643.515     0.349
  1643.553     0.348
  1643.590     0.348
  1643.627     0.348
  1643.665     0.348
  1643.702     0.348
  1643.740     0.348
  1643.777     0.347
  1643.814     0.347
  1643.852     0.347
  1643.889     0.347
  1643.927     0.347
  1643.964     0.346
  1644.002     0.346
  1644.039     0.346
  1644.076     0.346
  1644.114     0.346
  1644.151     0.346
  1644.189     0.345
  1644.226     0.345
  1644.263     0.344
  1644.301     0.343
  1644.338     0.343
  1644.376     0.342
  1644.413     0.341
  1644.451     0.341
  1644.488     0.340
  1644.525     0.339
  1644.563     0.339
  1644.600     0.338
  1644.638     0.337
  1644.675     0.337
  1644.712     0.336
  1644.750     0.335
  1644.787     0.335
  1644.825     0.334
  1644.862     0.334
  1644.900     0.334
  1644.937     0.334
  1644.974     0.335
  1645.012     0.335
  1645.049     0.335
  1645.087     0.336
  1645.124     0.336
  1645.162     0.336
  1645.199     0.337
  1645.236     0.337
  1645.274     0.337
  1645.311     0.338
  1645.349     0.338
  1645.386     0.338
  1645.423     0.338
  1645.461     0.339
  1645.498     0.339
  1645.536     0.339
  1645.573     0.340
  1645.611     0.340
  1645.648     0.340
  1645.685     0.341
  1645.723     0.341
  1645.760     0.341
  1645.798     0.342
  1645.835     0.342
  1645.872     0.342
  1645.910     0.342
  1645.947     0.343
  1645.985     0.343
  1646.022     0.343
  1646.060     0.344
  1646.097     0.344
  1646.134     0.344
  1646.172     0.345
  1646.209     0.345
  1646.247     0.345
  1646.284     0.345
  1646.321     0.344
  1646.359     0.344
  1646.396     0.343
  1646.434     0.343
  1646.471     0.343
  1646.509     0.342
  1646.546     0.342
  1646.583     0.341
  1646.621     0.341
  1646.658     0.341
  1646.696     0.340
  1646.733     0.340
  1646.770     0.339
  1646.808     0.339
  1646.845     0.339
  1646.883     0.338
  1646.920     0.338
  1646.958     0.337
  1646.995     0.337
  1647.032     0.336
  1647.070     0.336
  1647.107     0.336
  1647.145     0.335
  1647.182     0.335
  1647.219     0.334
  1647.257     0.334
  1647.294     0.333
  1647.332     0.333
  1647.369     0.332
  1647.407     0.332
  1647.444     0.332
  1647.481     0.331
  1647.519     0.331
  1647.556     0.330
  1647.594     0.330
  1647.631     0.329
  1647.669     0.329
  1647.706     0.328
  1647.743     0.328
  1647.781     0.328
  1647.818     0.327
  1647.856     0.327
  1647.893     0.326
  1647.930     0.326
  1647.968     0.325
  1648.005     0.325
  1648.043     0.325
  1648.080     0.324
  1648.118     0.324
  1648.155     0.323
  1648.192     0.323
  1648.230     0.323
  1648.267     0.322
  1648.305     0.322
  1648.342     0.321
  1648.379     0.321
  1648.417     0.321
  1648.454     0.320
  1648.492     0.320
  1648.529     0.319
  1648.567     0.319
  1648.604     0.319
  1648.641     0.318
  1648.679     0.318
  1648.716     0.317
  1648.754     0.317
  1648.791     0.317
  1648.828     0.316
  1648.866     0.316
  1648.903     0.316
  1648.941     0.315
  1648.978     0.315
  1649.016     0.314
  1649.053     0.314
  1649.090     0.314
  1649.128     0.313
  1649.165     0.314
  1649.203     0.315
  1649.240     0.315
  1649.277     0.316
  1649.315     0.317
  1649.352     0.317
  1649.390     0.318
  1649.427     0.319
  1649.465     0.319
  1649.502     0.320
  1649.539     0.321
  1649.577     0.321
  1649.614     0.322
  1649.652     0.323
  1649.689     0.323
  1649.726     0.324
  1649.764     0.325
  1649.801     0.325
  1649.839     0.326
  1649.876     0.327
  1649.914     0.327
  1649.951     0.327
  1649.988     0.327
  1650.026     0.327
  1650.063     0.326
  1650.101     0.326
  1650.138     0.326
  1650.176     0.326
  1650.213     0.325
  1650.250     0.325
  1650.288     0.325
  1650.325     0.325
  1650.363     0.324
  1650.400     0.324
  1650.437     0.324
  1650.475     0.323
  1650.512     0.323
  1650.550     0.323
  1650.587     0.323
  1650.625     0.322
  1650.662     0.322
  1650.699     0.322
  1650.737     0.322
  1650.774     0.321
  1650.812     0.321
  1650.849     0.321
  1650.886     0.321
  1650.924     0.320
  1650.961     0.320
  1650.999     0.320
  1651.036     0.320
  1651.074     0.324
  1651.111     0.329
  1651.148     0.334
  1651.186     0.340
  1651.223     0.345
  1651.261     0.350
  1651.298     0.356
  1651.335     0.361
  1651.373     0.366
  1651.410     0.372
  1651.448     0.377
  1651.485     0.382
  1651.523     0.388
  1651.560     0.393
  1651.597     0.398
  1651.635     0.404
  1651.672     0.409
  1651.710     0.414
  1651.747     0.420
  1651.784     0.425
  1651.822     0.430
  1651.859     0.436
  1651.897     0.441
  1651.934     0.446
  1651.972     0.452
  1652.009     0.457
  1652.046     0.462
  1652.084     0.468
  1652.121     0.473
  1652.159     0.478
  1652.196     0.483
  1652.233     0.487
  1652.271     0.487
  1652.308     0.487
  1652.346     0.486
  1652.383     0.485
  1652.421     0.485
  1652.458     0.484
  1652.495     0.484
  1652.533     0.483
  1652.570     0.482
  1652.608     0.482
  1652.645     0.481
  1652.683     0.481
  1652.720     0.480
  1652.757     0.480
  1652.795     0.479
  1652.832     0.478
  1652.870     0.478
  1652.907     0.481
  1652.944     0.483
  1652.982     0.486
  1653.019     0.489
  1653.057     0.491
  1653.094     0.494
  1653.132     0.496
  1653.169     0.499
  1653.206     0.502
  1653.244     0.504
  1653.281     0.507
  1653.319     0.510
  1653.356     0.512
  1653.393     0.515
  1653.431     0.518
  1653.468     0.520
  1653.506     0.523
  1653.543     0.526
  1653.581     0.528
  1653.618     0.531
  1653.655     0.534
  1653.693     0.536
  1653.730     0.539
  1653.768     0.542
  1653.805     0.544
  1653.842     0.547
  1653.880     0.550
  1653.917     0.552
  1653.955     0.555
  1653.992     0.558
  1654.030     0.560
  1654.067     0.563
  1654.104     0.566
  1654.142     0.568
  1654.179     0.571
  1654.217     0.574
  1654.254     0.576
  1654.291     0.579
  1654.329     0.582
  1654.366     0.584
  1654.404     0.587
  1654.441     0.590
  1654.479     0.592
  1654.516     0.595
  1654.553     0.598
  1654.591     0.600
  1654.628     0.603
  1654.666     0.606
  1654.703     0.608
  1654.740     0.611
  1654.778     0.614
  1654.815     0.616
  1654.853     0.619
  1654.890     0.621
  1654.928     0.623
  1654.965     0.625
  1655.002     0.627
  1655.040     0.629
  1655.077     0.631
  1655.115     0.633
  1655.152     0.634
  1655.190     0.634
  1655.227     0.635
  1655.264     0.636
  1655.302     0.637
  1655.339     0.638
  1655.377     0.639
  1655.414     0.639
  1655.451     0.640
  1655.489     0.641
  1655.526     0.642
  1655.564     0.643
  1655.601     0.643
  1655.639     0.644
  1655.676     0.645
  1655.713     0.646
  1655.751     0.647
  1655.788     0.648
  1655.826     0.648
  1655.863     0.649
  1655.900     0.650
  1655.938     0.651
  1655.975     0.652
  1656.013     0.653
  1656.050     0.654
  1656.088     0.655
  1656.125     0.657
  1656.162     0.658
  1656.200     0.660
  1656.237     0.661
  1656.275     0.663
  1656.312     0.664
  1656.349     0.666
  1656.387     0.667
  1656.424     0.669
  1656.462     0.670
  1656.499     0.672
  1656.537     0.673
  1656.574     0.675
  1656.611     0.676
  1656.649     0.677
  1656.686     0.679
  1656.724     0.680
  1656.761     0.682
  1656.798     0.683
  1656.836     0.685
  1656.873     0.686
  1656.911     0.688
  1656.948     0.689
  1656.986     0.691
  1657.023     0.691
  1657.060     0.689
  1657.098     0.687
  1657.135     0.686
  1657.173     0.684
  1657.210     0.683
  1657.247     0.681
  1657.285     0.679
  1657.322     0.678
  1657.360     0.676
  1657.397     0.674
  1657.435     0.673
  1657.472     0.671
  1657.509     0.670
  1657.547     0.668
  1657.584     0.666
  1657.622     0.665
  1657.659     0.663
  1657.697     0.661
  1657.734     0.660
  1657.771     0.658
  1657.809     0.656
  1657.846     0.655
  1657.884     0.653
  1657.921     0.652
  1657.958     0.649
  1657.996     0.646
  1658.033     0.643
  1658.071     0.640
  1658.108     0.637
  1658.146     0.634
  1658.183     0.630
  1658.220     0.630
  1658.258     0.632
  1658.295     0.635
  1658.333     0.638
  1658.370     0.641
  1658.407     0.644
  1658.445     0.646
  1658.482     0.649
  1658.520     0.652
  1658.557     0.655
  1658.595     0.658
  1658.632     0.661
  1658.669     0.663
  1658.707     0.666
  1658.744     0.669
  1658.782     0.672
  1658.819     0.675
  1658.856     0.677
  1658.894     0.680
  1658.931     0.683
  1658.969     0.686
  1659.006     0.689
  1659.044     0.692
  1659.081     0.694
  1659.118     0.697
  1659.156     0.700
  1659.193     0.703
  1659.231     0.706
  1659.268     0.708
  1659.305     0.711
  1659.343     0.714
  1659.380     0.717
  1659.418     0.720
  1659.455     0.723
  1659.493     0.725
  1659.530     0.728
  1659.567     0.731
  1659.605     0.734
  1659.642     0.737
  1659.680     0.739
  1659.717     0.742
  1659.754     0.745
  1659.792     0.748
  1659.829     0.751
  1659.867     0.754
  1659.904     0.756
  1659.942     0.759
  1659.979     0.762
  1660.016     0.765
  1660.054     0.768
  1660.091     0.770
  1660.129     0.773
  1660.166     0.776
  1660.204     0.779
  1660.241     0.782
  1660.278     0.785
  1660.316     0.787
  1660.353     0.790
  1660.391     0.793
  1660.428     0.796
  1660.465     0.799
  1660.503     0.801
  1660.540     0.804
  1660.578     0.807
  1660.615     0.810
  1660.653     0.813
  1660.690     0.816
  1660.727     0.818
  1660.765     0.821
  1660.802     0.824
  1660.840     0.827
  1660.877     0.829
  1660.914     0.829
  1660.952     0.829
  1660.989     0.829
  1661.027     0.829
  1661.064     0.830
  1661.102     0.827
  1661.139     0.824
  1661.176     0.820
  1661.214     0.816
  1661.251     0.812
  1661.289     0.808
  1661.326     0.804
  1661.363     0.800
  1661.401     0.796
  1661.438     0.792
  1661.476     0.788
  1661.513     0.784
  1661.551     0.780
  1661.588     0.776
  1661.625     0.772
  1661.663     0.768
  1661.700     0.764
  1661.738     0.760
  1661.775     0.756
  1661.812     0.752
  1661.850     0.748
  1661.887     0.744
  1661.925     0.740
  1661.962     0.736
  1662.000     0.733
  1662.037     0.729
  1662.074     0.725
  1662.112     0.721
  1662.149     0.717
  1662.187     0.713
  1662.224     0.709
  1662.261     0.705
  1662.299     0.701
  1662.336     0.697
  1662.374     0.693
  1662.411     0.689
  1662.449     0.685
  1662.486     0.681
  1662.523     0.677
  1662.561     0.673
  1662.598     0.669
  1662.636     0.665
  1662.673     0.661
  1662.711     0.657
  1662.748     0.653
  1662.785     0.649
  1662.823     0.646
  1662.860     0.647
  1662.898     0.647
  1662.935     0.647
  1662.972     0.648
  1663.010     0.651
  1663.047     0.653
  1663.085     0.656
  1663.122     0.659
  1663.160     0.662
  1663.197     0.665
  1663.234     0.668
  1663.272     0.670
  1663.309     0.673
  1663.347     0.676
  1663.384     0.679
  1663.421     0.682
  1663.459     0.685
  1663.496     0.687
  1663.534     0.690
  1663.571     0.693
  1663.609     0.696
  1663.646     0.699
  1663.683     0.702
  1663.721     0.704
  1663.758     0.707
  1663.796     0.710
  1663.833     0.713
  1663.870     0.716
  1663.908     0.718
  1663.945     0.721
  1663.983     0.724
  1664.020     0.727
  1664.058     0.727
  1664.095     0.727
  1664.132     0.726
  1664.170     0.726
  1664.207     0.725
  1664.245     0.724
  1664.282     0.724
  1664.319     0.723
  1664.357     0.723
  1664.394     0.722
  1664.432     0.722
  1664.469     0.721
  1664.507     0.720
  1664.544     0.720
  1664.581     0.719
  1664.619     0.719
  1664.656     0.718
  1664.694     0.718
  1664.731     0.717
  1664.768     0.716
  1664.806     0.716
  1664.843     0.715
  1664.881     0.715
  1664.918     0.714
  1664.956     0.714
  1664.993     0.715
  1665.030     0.718
  1665.068     0.720
  1665.105     0.722
  1665.143     0.725
  1665.180     0.727
  1665.218     0.729
  1665.255     0.732
  1665.292     0.734
  1665.330     0.736
  1665.367     0.739
  1665.405     0.741
  1665.442     0.743
  1665.479     0.746
  1665.517     0.748
  1665.554     0.750
  1665.592     0.752
  1665.629     0.755
  1665.667     0.757
  1665.704     0.759
  1665.741     0.762
  1665.779     0.764
  1665.816     0.766
  1665.854     0.769
  1665.891     0.771
  1665.928     0.773
  1665.966     0.776
  1666.003     0.779
  1666.041     0.783
  1666.078     0.786
  1666.116     0.790
  1666.153     0.792
  1666.190     0.793
  1666.228     0.792
  1666.265     0.791
  1666.303     0.790
  1666.340     0.789
  1666.377     0.788
  1666.415     0.787
  1666.452     0.786
  1666.490     0.785
  1666.527     0.784
  1666.565     0.783
  1666.602     0.782
  1666.639     0.781
  1666.677     0.780
  1666.714     0.780
  1666.752     0.779
  1666.789     0.778
  1666.826     0.777
  1666.864     0.776
  1666.901     0.775
  1666.939     0.774
  1666.976     0.773
  1667.014     0.772
  1667.051     0.771
  1667.088     0.770
  1667.126     0.769
  1667.163     0.768
  1667.201     0.768
  1667.238     0.767
  1667.275     0.766
  1667.313     0.765
  1667.350     0.764
  1667.388     0.763
  1667.425     0.762
  1667.463     0.761
  1667.500     0.760
  1667.537     0.759
  1667.575     0.758
  1667.612     0.757
  1667.650     0.756
  1667.687     0.755
  1667.725     0.755
  1667.762     0.754
  1667.799     0.753
  1667.837     0.752
  1667.874     0.751
  1667.912     0.750
  1667.949     0.749
  1667.986     0.748
  1668.024     0.747
  1668.061     0.746
  1668.099     0.745
  1668.136     0.744
  1668.174     0.743
  1668.211     0.742
  1668.248     0.742
  1668.286     0.741
  1668.323     0.740
  1668.361     0.739
  1668.398     0.738
  1668.435     0.737
  1668.473     0.736
  1668.510     0.735
  1668.548     0.734
  1668.585     0.733
  1668.623     0.732
  1668.660     0.731
  1668.697     0.730
  1668.735     0.729
  1668.772     0.729
  1668.810     0.728
  1668.847     0.727
  1668.884     0.726
  1668.922     0.724
  1668.959     0.722
  1668.997     0.720
  1669.034     0.719
  1669.072     0.717
  1669.109     0.716
  1669.146     0.715
  1669.184     0.713
  1669.221     0.712
  1669.259     0.711
  1669.296     0.710
  1669.333     0.708
  1669.371     0.707
  1669.408     0.706
  1669.446     0.704
  1669.483     0.703
  1669.521     0.702
  1669.558     0.700
  1669.595     0.699
  1669.633     0.698
  1669.670     0.697
  1669.708     0.695
  1669.745     0.694
  1669.782     0.693
  1669.820     0.691
  1669.857     0.690
  1669.895     0.689
  1669.932     0.688
  1669.970     0.686
  1670.007     0.685
  1670.044     0.684
  1670.082     0.682
  1670.119     0.681
  1670.157     0.680
  1670.194     0.679
  1670.232     0.677
  1670.269     0.676
  1670.306     0.675
  1670.344     0.673
  1670.381     0.672
  1670.419     0.671
  1670.456     0.670
  1670.493     0.668
  1670.531     0.667
  1670.568     0.666
  1670.606     0.664
  1670.643     0.663
  1670.681     0.662
  1670.718     0.660
  1670.755     0.659
  1670.793     0.658
  1670.830     0.658
  1670.868     0.658
  1670.905     0.658
  1670.942     0.659
  1670.980     0.661
  1671.017     0.663
  1671.055     0.664
  1671.092     0.666
  1671.130     0.667
  1671.167     0.669
  1671.204     0.670
  1671.242     0.672
  1671.279     0.673
  1671.317     0.675
  1671.354     0.677
  1671.391     0.678
  1671.429     0.680
  1671.466     0.681
  1671.504     0.683
  1671.541     0.684
  1671.579     0.686
  1671.616     0.687
  1671.653     0.689
  1671.691     0.690
  1671.728     0.692
  1671.766     0.694
  1671.803     0.695
  1671.840     0.697
  1671.878     0.698
  1671.915     0.700
  1671.953     0.701
  1671.990     0.703
  1672.028     0.703
  1672.065     0.701
  1672.102     0.700
  1672.140     0.698
  1672.177     0.694
  1672.215     0.690
  1672.252     0.687
  1672.289     0.683
  1672.327     0.679
  1672.364     0.676
  1672.402     0.672
  1672.439     0.668
  1672.477     0.665
  1672.514     0.661
  1672.551     0.657
  1672.589     0.653
  1672.626     0.650
  1672.664     0.646
  1672.701     0.642
  1672.739     0.639
  1672.776     0.635
  1672.813     0.631
  1672.851     0.628
  1672.888     0.624
  1672.926     0.620
  1672.963     0.616
  1673.000     0.613
  1673.038     0.609
  1673.075     0.605
  1673.113     0.602
  1673.150     0.598
  1673.188     0.594
  1673.225     0.590
  1673.262     0.587
  1673.300     0.583
  1673.337     0.579
  1673.375     0.576
  1673.412     0.572
  1673.449     0.568
  1673.487     0.565
  1673.524     0.561
  1673.562     0.557
  1673.599     0.553
  1673.637     0.550
  1673.674     0.546
  1673.711     0.542
  1673.749     0.539
  1673.786     0.535
  1673.824     0.531
  1673.861     0.527
  1673.898     0.524
  1673.936     0.523
  1673.973     0.522
  1674.011     0.521
  1674.048     0.521
  1674.086     0.520
  1674.123     0.520
  1674.160     0.519
  1674.198     0.518
  1674.235     0.518
  1674.273     0.517
  1674.310     0.517
  1674.347     0.516
  1674.385     0.515
  1674.422     0.515
  1674.460     0.514
  1674.497     0.514
  1674.535     0.513
  1674.572     0.512
  1674.609     0.512
  1674.647     0.511
  1674.684     0.511
  1674.722     0.510
  1674.759     0.509
  1674.796     0.509
  1674.834     0.508
  1674.871     0.508
  1674.909     0.507
  1674.946     0.506
  1674.984     0.506
  1675.021     0.507
  1675.058     0.510
  1675.096     0.513
  1675.133     0.516
  1675.171     0.519
  1675.208     0.522
  1675.246     0.525
  1675.283     0.528
  1675.320     0.532
  1675.358     0.535
  1675.395     0.538
  1675.433     0.541
  1675.470     0.544
  1675.507     0.547
  1675.545     0.550
  1675.582     0.554
  1675.620     0.557
  1675.657     0.560
  1675.695     0.563
  1675.732     0.566
  1675.769     0.569
  1675.807     0.572
  1675.844     0.576
  1675.882     0.579
  1675.919     0.582
  1675.956     0.585
  1675.994     0.588
  1676.031     0.591
  1676.069     0.594
  1676.106     0.598
  1676.144     0.601
  1676.181     0.604
  1676.218     0.607
  1676.256     0.610
  1676.293     0.613
  1676.331     0.616
  1676.368     0.620
  1676.405     0.623
  1676.443     0.626
  1676.480     0.629
  1676.518     0.632
  1676.555     0.635
  1676.593     0.638
  1676.630     0.642
  1676.667     0.645
  1676.705     0.648
  1676.742     0.651
  1676.780     0.654
  1676.817     0.657
  1676.854     0.660
  1676.892     0.663
  1676.929     0.664
  1676.967     0.665
  1677.004     0.665
  1677.042     0.665
  1677.079     0.665
  1677.116     0.665
  1677.154     0.666
  1677.191     0.666
  1677.229     0.666
  1677.266     0.666
  1677.303     0.666
  1677.341     0.667
  1677.378     0.667
  1677.416     0.667
  1677.453     0.667
  1677.491     0.667
  1677.528     0.667
  1677.565     0.668
  1677.603     0.668
  1677.640     0.668
  1677.678     0.668
  1677.715     0.668
  1677.753     0.668
  1677.790     0.669
  1677.827     0.669
  1677.865     0.669
  1677.902     0.669
  1677.940     0.669
  1677.977     0.670
  1678.014     0.670
  1678.052     0.670
  1678.089     0.670
  1678.127     0.670
  1678.164     0.670
  1678.202     0.671
  1678.239     0.671
  1678.276     0.671
  1678.314     0.671
  1678.351     0.671
  1678.389     0.671
  1678.426     0.672
  1678.463     0.672
  1678.501     0.672
  1678.538     0.672
  1678.576     0.672
  1678.613     0.673
  1678.651     0.673
  1678.688     0.673
  1678.725     0.673
  1678.763     0.673
  1678.800     0.673
  1678.838     0.673
  1678.875     0.670
  1678.912     0.666
  1678.950     0.663
  1678.987     0.659
  1679.025     0.656
  1679.062     0.653
  1679.100     0.649
  1679.137     0.646
  1679.174     0.643
  1679.212     0.639
  1679.249     0.636
  1679.287     0.633
  1679.324     0.629
  1679.361     0.626
  1679.399     0.622
  1679.436     0.619
  1679.474     0.616
  1679.511     0.612
  1679.549     0.609
  1679.586     0.606
  1679.623     0.602
  1679.661     0.599
  1679.698     0.596
  1679.736     0.592
  1679.773     0.589
  1679.810     0.585
  1679.848     0.582
  1679.885     0.579
  1679.923     0.575
  1679.960     0.572
  1679.998     0.569
  1680.035     0.566
  1680.072     0.564
  1680.110     0.562
  1680.147     0.560
  1680.185     0.557
  1680.222     0.555
  1680.260     0.553
  1680.297     0.550
  1680.334     0.548
  1680.372     0.546
  1680.409     0.543
  1680.447     0.541
  1680.484     0.539
  1680.521     0.536
  1680.559     0.534
  1680.596     0.532
  1680.634     0.529
  1680.671     0.527
  1680.709     0.525
  1680.746     0.522
  1680.783     0.520
  1680.821     0.518
  1680.858     0.515
  1680.896     0.513
  1680.933     0.511
  1680.970     0.508
  1681.008     0.506
  1681.045     0.504
  1681.083     0.501
  1681.120     0.499
  1681.158     0.497
  1681.195     0.494
  1681.232     0.492
  1681.270     0.490
  1681.307     0.487
  1681.345     0.485
  1681.382     0.483
  1681.419     0.480
  1681.457     0.478
  1681.494     0.476
  1681.532     0.473
  1681.569     0.471
  1681.607     0.469
  1681.644     0.466
  1681.681     0.464
  1681.719     0.462
  1681.756     0.459
  1681.794     0.457
  1681.831     0.455
  1681.868     0.452
  1681.906     0.450
  1681.943     0.448
  1681.981     0.445
  1682.018     0.443
  1682.056     0.441
  1682.093     0.438
  1682.130     0.436
  1682.168     0.434
  1682.205     0.432
  1682.243     0.429
  1682.280     0.427
  1682.317     0.425
  1682.355     0.423
  1682.392     0.420
  1682.430     0.418
  1682.467     0.416
  1682.505     0.414
  1682.542     0.411
  1682.579     0.409
  1682.617     0.407
  1682.654     0.405
  1682.692     0.402
  1682.729     0.400
  1682.767     0.398
  1682.804     0.395
  1682.841     0.393
  1682.879     0.391
  1682.916     0.389
  1682.954     0.386
  1682.991     0.386
  1683.028     0.386
  1683.066     0.386
  1683.103     0.385
  1683.141     0.385
  1683.178     0.385
  1683.216     0.385
  1683.253     0.385
  1683.290     0.384
  1683.328     0.384
  1683.365     0.384
  1683.403     0.384
  1683.440     0.384
  1683.477     0.384
  1683.515     0.383
  1683.552     0.383
  1683.590     0.383
  1683.627     0.383
  1683.665     0.383
  1683.702     0.382
  1683.739     0.382
  1683.777     0.382
  1683.814     0.382
  1683.852     0.382
  1683.889     0.382
  1683.926     0.381
  1683.964     0.381
  1684.001     0.381
  1684.039     0.381
  1684.076     0.381
  1684.114     0.380
  1684.151     0.380
  1684.188     0.380
  1684.226     0.380
  1684.263     0.380
  1684.301     0.380
  1684.338     0.379
  1684.375     0.379
  1684.413     0.379
  1684.450     0.379
  1684.488     0.379
  1684.525     0.379
  1684.563     0.378
  1684.600     0.378
  1684.637     0.378
  1684.675     0.378
  1684.712     0.378
  1684.750     0.377
  1684.787     0.377
  1684.824     0.377
  1684.862     0.381
  1684.899     0.388
  1684.937     0.396
  1684.974     0.403
  1685.012     0.411
  1685.049     0.418
  1685.086     0.426
  1685.124     0.433
  1685.161     0.441
  1685.199     0.448
  1685.236     0.456
  1685.274     0.463
  1685.311     0.470
  1685.348     0.478
  1685.386     0.485
  1685.423     0.493
  1685.461     0.500
  1685.498     0.508
  1685.535     0.515
  1685.573     0.523
  1685.610     0.530
  1685.648     0.538
  1685.685     0.545
  1685.723     0.552
  1685.760     0.560
  1685.797     0.567
  1685.835     0.575
  1685.872     0.582
  1685.910     0.590
  1685.947     0.597
  1685.984     0.605
  1686.022     0.612
  1686.059     0.617
  1686.097     0.621
  1686.134     0.625
  1686.172     0.629
  1686.209     0.633
  1686.246     0.637
  1686.284     0.642
  1686.321     0.646
  1686.359     0.650
  1686.396     0.654
  1686.433     0.658
  1686.471     0.662
  1686.508     0.666
  1686.546     0.670
  1686.583     0.674
  1686.621     0.678
  1686.658     0.683
  1686.695     0.687
  1686.733     0.691
  1686.770     0.695
  1686.808     0.699
  1686.845     0.700
  1686.882     0.696
  1686.920     0.692
  1686.957     0.688
  1686.995     0.684
  1687.032     0.680
  1687.070     0.676
  1687.107     0.672
  1687.144     0.668
  1687.182     0.664
  1687.219     0.660
  1687.257     0.656
  1687.294     0.652
  1687.331     0.648
  1687.369     0.644
  1687.406     0.640
  1687.444     0.635
  1687.481     0.631
  1687.519     0.627
  1687.556     0.623
  1687.593     0.619
  1687.631     0.615
  1687.668     0.611
  1687.706     0.607
  1687.743     0.603
  1687.781     0.599
  1687.818     0.595
  1687.855     0.591
  1687.893     0.587
  1687.930     0.583
  1687.968     0.579
  1688.005     0.575
  1688.042     0.573
  1688.080     0.575
  1688.117     0.578
  1688.155     0.581
  1688.192     0.584
  1688.230     0.587
  1688.267     0.590
  1688.304     0.593
  1688.342     0.596
  1688.379     0.599
  1688.417     0.602
  1688.454     0.604
  1688.491     0.607
  1688.529     0.610
  1688.566     0.613
  1688.604     0.616
  1688.641     0.619
  1688.679     0.622
  1688.716     0.625
  1688.753     0.628
  1688.791     0.630
  1688.828     0.633
  1688.866     0.636
  1688.903     0.635
  1688.940     0.634
  1688.978     0.633
  1689.015     0.632
  1689.053     0.631
  1689.090     0.630
  1689.128     0.628
  1689.165     0.627
  1689.202     0.626
  1689.240     0.625
  1689.277     0.624
  1689.315     0.623
  1689.352     0.622
  1689.389     0.621
  1689.427     0.620
  1689.464     0.618
  1689.502     0.617
  1689.539     0.616
  1689.577     0.615
  1689.614     0.614
  1689.651     0.613
  1689.689     0.612
  1689.726     0.611
  1689.764     0.609
  1689.801     0.608
  1689.839     0.607
  1689.876     0.606
  1689.913     0.605
  1689.951     0.604
  1689.988     0.603
  1690.026     0.602
  1690.063     0.600
  1690.100     0.599
  1690.138     0.598
  1690.175     0.597
  1690.213     0.596
  1690.250     0.595
  1690.288     0.594
  1690.325     0.593
  1690.362     0.591
  1690.400     0.590
  1690.437     0.589
  1690.475     0.588
  1690.512     0.587
  1690.549     0.586
  1690.587     0.585
  1690.624     0.584
  1690.662     0.582
  1690.699     0.581
  1690.737     0.580
  1690.774     0.579
  1690.811     0.578
  1690.849     0.579
  1690.886     0.581
  1690.924     0.583
  1690.961     0.586
  1690.998     0.589
  1691.036     0.592
  1691.073     0.596
  1691.111     0.599
  1691.148     0.603
  1691.186     0.606
  1691.223     0.610
  1691.260     0.613
  1691.298     0.616
  1691.335     0.620
  1691.373     0.623
  1691.410     0.627
  1691.447     0.630
  1691.485     0.634
  1691.522     0.637
  1691.560     0.640
  1691.597     0.644
  1691.635     0.647
  1691.672     0.651
  1691.709     0.654
  1691.747     0.658
  1691.784     0.661
  1691.822     0.664
  1691.859     0.668
  1691.896     0.671
  1691.934     0.675
  1691.971     0.678
  1692.009     0.682
  1692.046     0.685
  1692.084     0.688
  1692.121     0.691
  1692.158     0.694
  1692.196     0.697
  1692.233     0.700
  1692.271     0.703
  1692.308     0.706
  1692.346     0.710
  1692.383     0.713
  1692.420     0.716
  1692.458     0.719
  1692.495     0.722
  1692.533     0.725
  1692.570     0.728
  1692.607     0.731
  1692.645     0.734
  1692.682     0.738
  1692.720     0.741
  1692.757     0.744
  1692.795     0.747
  1692.832     0.750
  1692.869     0.751
  1692.907     0.752
  1692.944     0.752
  1692.982     0.752
  1693.019     0.752
  1693.056     0.753
  1693.094     0.753
  1693.131     0.753
  1693.169     0.753
  1693.206     0.754
  1693.244     0.754
  1693.281     0.754
  1693.318     0.754
  1693.356     0.755
  1693.393     0.755
  1693.431     0.755
  1693.468     0.756
  1693.505     0.756
  1693.543     0.756
  1693.580     0.756
  1693.618     0.757
  1693.655     0.757
  1693.693     0.757
  1693.730     0.757
  1693.767     0.758
  1693.805     0.758
  1693.842     0.758
  1693.880     0.759
  1693.917     0.759
  1693.954     0.759
  1693.992     0.758
  1694.029     0.755
  1694.067     0.752
  1694.104     0.750
  1694.142     0.747
  1694.179     0.744
  1694.216     0.741
  1694.254     0.738
  1694.291     0.736
  1694.329     0.733
  1694.366     0.730
  1694.403     0.727
  1694.441     0.724
  1694.478     0.722
  1694.516     0.719
  1694.553     0.716
  1694.591     0.713
  1694.628     0.710
  1694.665     0.708
  1694.703     0.705
  1694.740     0.702
  1694.778     0.699
  1694.815     0.696
  1694.853     0.693
  1694.890     0.691
  1694.927     0.688
  1694.965     0.686
  1695.002     0.683
  1695.040     0.681
  1695.077     0.679
  1695.114     0.676
  1695.152     0.674
  1695.189     0.672
  1695.227     0.669
  1695.264     0.667
  1695.302     0.665
  1695.339     0.662
  1695.376     0.660
  1695.414     0.657
  1695.451     0.655
  1695.489     0.653
  1695.526     0.650
  1695.563     0.648
  1695.601     0.646
  1695.638     0.643
  1695.676     0.641
  1695.713     0.639
  1695.751     0.636
  1695.788     0.634
  1695.825     0.632
  1695.863     0.629
  1695.900     0.627
  1695.938     0.624
  1695.975     0.622
  1696.012     0.620
  1696.050     0.619
  1696.087     0.617
  1696.125     0.615
  1696.162     0.614
  1696.200     0.612
  1696.237     0.610
  1696.274     0.609
  1696.312     0.607
  1696.349     0.605
  1696.387     0.604
  1696.424     0.602
  1696.461     0.600
  1696.499     0.599
  1696.536     0.597
  1696.574     0.595
  1696.611     0.593
  1696.649     0.592
  1696.686     0.590
  1696.723     0.588
  1696.761     0.587
  1696.798     0.586
  1696.836     0.586
  1696.873     0.586
  1696.910     0.586
  1696.948     0.586
  1696.985     0.586
  1697.023     0.586
  1697.060     0.586
  1697.098     0.586
  1697.135     0.586
  1697.172     0.586
  1697.210     0.586
  1697.247     0.586
  1697.285     0.586
  1697.322     0.586
  1697.360     0.586
  1697.397     0.586
  1697.434     0.586
  1697.472     0.586
  1697.509     0.586
  1697.547     0.586
  1697.584     0.586
  1697.621     0.586
  1697.659     0.586
  1697.696     0.586
  1697.734     0.586
  1697.771     0.586
  1697.809     0.586
  1697.846     0.586
  1697.883     0.586
  1697.921     0.586
  1697.958     0.586
  1697.996     0.585
  1698.033     0.583
  1698.070     0.581
  1698.108     0.579
  1698.145     0.577
  1698.183     0.575
  1698.220     0.573
  1698.258     0.571
  1698.295     0.569
  1698.332     0.567
  1698.370     0.565
  1698.407     0.563
  1698.445     0.562
  1698.482     0.560
  1698.519     0.558
  1698.557     0.556
  1698.594     0.554
  1698.632     0.552
  1698.669     0.550
  1698.707     0.548
  1698.744     0.546
  1698.781     0.544
  1698.819     0.542
  1698.856     0.540
  1698.894     0.539
  1698.931     0.538
  1698.968     0.537
  1699.006     0.537
  1699.043     0.537
  1699.081     0.536
  1699.118     0.536
  1699.156     0.536
  1699.193     0.536
  1699.230     0.535
  1699.268     0.535
  1699.305     0.535
  1699.343     0.534
  1699.380     0.534
  1699.417     0.534
  1699.455     0.534
  1699.492     0.533
  1699.530     0.533
  1699.567     0.533
  1699.605     0.532
  1699.642     0.532
  1699.679     0.532
  1699.717     0.531
  1699.754     0.531
  1699.792     0.531
  1699.829     0.531
  1699.867     0.530
  1699.904     0.530
  1699.941     0.530
  1699.979     0.529
  1700.016     0.529
  1700.054     0.529
  1700.091     0.529
  1700.128     0.528
  1700.166     0.528
  1700.203     0.528
  1700.241     0.527
  1700.278     0.527
  1700.316     0.527
  1700.353     0.527
  1700.390     0.526
  1700.428     0.526
  1700.465     0.526
  1700.503     0.525
  1700.540     0.525
  1700.577     0.525
  1700.615     0.524
  1700.652     0.524
  1700.690     0.524
  1700.727     0.524
  1700.765     0.523
  1700.802     0.523
  1700.839     0.523
  1700.877     0.522
  1700.914     0.522
  1700.952     0.521
  1700.989     0.520
  1701.026     0.520
  1701.064     0.519
  1701.101     0.518
  1701.139     0.518
  1701.176     0.517
  1701.214     0.516
  1701.251     0.516
  1701.288     0.515
  1701.326     0.514
  1701.363     0.514
  1701.401     0.513
  1701.438     0.512
  1701.475     0.511
  1701.513     0.511
  1701.550     0.510
  1701.588     0.509
  1701.625     0.509
  1701.663     0.508
  1701.700     0.507
  1701.737     0.507
  1701.775     0.506
  1701.812     0.505
  1701.850     0.505
  1701.887     0.504
  1701.924     0.503
  1701.962     0.503
  1701.999     0.502
  1702.037     0.501
  1702.074     0.499
  1702.112     0.496
  1702.149     0.494
  1702.186     0.492
  1702.224     0.489
  1702.261     0.487
  1702.299     0.485
  1702.336     0.482
  1702.374     0.480
  1702.411     0.477
  1702.448     0.475
  1702.486     0.473
  1702.523     0.470
  1702.561     0.468
  1702.598     0.466
  1702.635     0.463
  1702.673     0.461
  1702.710     0.459
  1702.748     0.456
  1702.785     0.454
  1702.823     0.452
  1702.860     0.449
  1702.897     0.447
  1702.935     0.444
  1702.972     0.442
  1703.010     0.439
  1703.047     0.437
  1703.084     0.435
  1703.122     0.432
  1703.159     0.430
  1703.197     0.427
  1703.234     0.425
  1703.272     0.422
  1703.309     0.420
  1703.346     0.418
  1703.384     0.415
  1703.421     0.413
  1703.459     0.410
  1703.496     0.408
  1703.533     0.405
  1703.571     0.403
  1703.608     0.401
  1703.646     0.398
  1703.683     0.396
  1703.721     0.393
  1703.758     0.391
  1703.795     0.388
  1703.833     0.386
  1703.870     0.384
  1703.908     0.381
  1703.945     0.379
  1703.982     0.376
  1704.020     0.374
  1704.057     0.371
  1704.095     0.369
  1704.132     0.367
  1704.170     0.364
  1704.207     0.362
  1704.244     0.359
  1704.282     0.357
  1704.319     0.354
  1704.357     0.352
  1704.394     0.350
  1704.431     0.347
  1704.469     0.345
  1704.506     0.342
  1704.544     0.340
  1704.581     0.337
  1704.619     0.335
  1704.656     0.333
  1704.693     0.330
  1704.731     0.328
  1704.768     0.325
  1704.806     0.322
  1704.843     0.320
  1704.881     0.317
  1704.918     0.314
  1704.955     0.311
  1704.993     0.310
  1705.030     0.309
  1705.068     0.309
  1705.105     0.309
  1705.142     0.308
  1705.180     0.308
  1705.217     0.308
  1705.255     0.307
  1705.292     0.307
  1705.330     0.307
  1705.367     0.306
  1705.404     0.306
  1705.442     0.306
  1705.479     0.305
  1705.517     0.305
  1705.554     0.305
  1705.591     0.305
  1705.629     0.304
  1705.666     0.304
  1705.704     0.304
  1705.741     0.303
  1705.779     0.303
  1705.816     0.303
  1705.853     0.302
  1705.891     0.302
  1705.928     0.302
  1705.966     0.302
  1706.003     0.302
  1706.040     0.302
  1706.078     0.303
  1706.115     0.303
  1706.153     0.304
  1706.190     0.304
  1706.228     0.305
  1706.265     0.305
  1706.302     0.306
  1706.340     0.306
  1706.377     0.307
  1706.415     0.307
  1706.452     0.308
  1706.489     0.308
  1706.527     0.309
  1706.564     0.309
  1706.602     0.310
  1706.639     0.310
  1706.677     0.311
  1706.714     0.311
  1706.751     0.312
  1706.789     0.312
  1706.826     0.312
  1706.864     0.313
  1706.901     0.312
  1706.938     0.310
  1706.976     0.309
  1707.013     0.308
  1707.051     0.307
  1707.088     0.305
  1707.126     0.304
  1707.163     0.303
  1707.200     0.302
  1707.238     0.301
  1707.275     0.299
  1707.313     0.298
  1707.350     0.297
  1707.388     0.296
  1707.425     0.294
  1707.462     0.293
  1707.500     0.292
  1707.537     0.291
  1707.575     0.289
  1707.612     0.288
  1707.649     0.287
  1707.687     0.286
  1707.724     0.284
  1707.762     0.283
  1707.799     0.282
  1707.837     0.281
  1707.874     0.280
  1707.911     0.278
  1707.949     0.277
  1707.986     0.276
  1708.024     0.275
  1708.061     0.273
  1708.098     0.272
  1708.136     0.271
  1708.173     0.270
  1708.211     0.268
  1708.248     0.267
  1708.286     0.266
  1708.323     0.265
  1708.360     0.263
  1708.398     0.262
  1708.435     0.261
  1708.473     0.260
  1708.510     0.259
  1708.547     0.257
  1708.585     0.256
  1708.622     0.255
  1708.660     0.254
  1708.697     0.252
  1708.735     0.251
  1708.772     0.250
  1708.809     0.249
  1708.847     0.247
  1708.884     0.246
  1708.922     0.246
  1708.959     0.245
  1708.996     0.244
  1709.034     0.243
  1709.071     0.243
  1709.109     0.242
  1709.146     0.241
  1709.184     0.241
  1709.221     0.240
  1709.258     0.239
  1709.296     0.238
  1709.333     0.238
  1709.371     0.237
  1709.408     0.236
  1709.445     0.235
  1709.483     0.235
  1709.520     0.234
  1709.558     0.233
  1709.595     0.233
  1709.633     0.232
  1709.670     0.231
  1709.707     0.230
  1709.745     0.230
  1709.782     0.229
  1709.820     0.228
  1709.857     0.228
  1709.895     0.227
  1709.932     0.226
  1709.969     0.225
  1710.007     0.225
  1710.044     0.224
  1710.082     0.223
  1710.119     0.221
  1710.156     0.219
  1710.194     0.217
  1710.231     0.215
  1710.269     0.213
  1710.306     0.211
  1710.344     0.209
  1710.381     0.207
  1710.418     0.206
  1710.456     0.204
  1710.493     0.202
  1710.531     0.200
  1710.568     0.198
  1710.605     0.196
  1710.643     0.194
  1710.680     0.192
  1710.718     0.190
  1710.755     0.189
  1710.793     0.187
  1710.830     0.185
  1710.867     0.183
  1710.905     0.181
  1710.942     0.179
  1710.980     0.177
  1711.017     0.176
  1711.054     0.174
  1711.092     0.172
  1711.129     0.170
  1711.167     0.168
  1711.204     0.166
  1711.242     0.164
  1711.279     0.163
  1711.316     0.161
  1711.354     0.159
  1711.391     0.157
  1711.429     0.155
  1711.466     0.153
  1711.503     0.151
  1711.541     0.150
  1711.578     0.148
  1711.616     0.146
  1711.653     0.144
  1711.691     0.142
  1711.728     0.140
  1711.765     0.138
  1711.803     0.136
  1711.840     0.135
  1711.878     0.133
  1711.915     0.131
  1711.952     0.129
  1711.990     0.127
  1712.027     0.126
  1712.065     0.125
  1712.102     0.123
  1712.140     0.122
  1712.177     0.121
  1712.214     0.119
  1712.252     0.118
  1712.289     0.117
  1712.327     0.115
  1712.364     0.114
  1712.402     0.113
  1712.439     0.111
  1712.476     0.110
  1712.514     0.109
  1712.551     0.107
  1712.589     0.106
  1712.626     0.105
  1712.663     0.103
  1712.701     0.102
  1712.738     0.102
  1712.776     0.103
  1712.813     0.104
  1712.851     0.105
  1712.888     0.106
  1712.925     0.107
  1712.963     0.108
  1713.000     0.109
  1713.038     0.110
  1713.075     0.111
  1713.112     0.112
  1713.150     0.113
  1713.187     0.114
  1713.225     0.115
  1713.262     0.116
  1713.300     0.117
  1713.337     0.118
  1713.374     0.119
  1713.412     0.120
  1713.449     0.122
  1713.487     0.123
  1713.524     0.124
  1713.561     0.125
  1713.599     0.126
  1713.636     0.127
  1713.674     0.128
  1713.711     0.129
  1713.749     0.130
  1713.786     0.131
  1713.823     0.132
  1713.861     0.133
  1713.898     0.133
  1713.936     0.133
  1713.973     0.132
  1714.010     0.132
  1714.048     0.131
  1714.085     0.130
  1714.123     0.130
  1714.160     0.129
  1714.198     0.128
  1714.235     0.127
  1714.272     0.127
  1714.310     0.126
  1714.347     0.125
  1714.385     0.124
  1714.422     0.124
  1714.459     0.123
  1714.497     0.122
  1714.534     0.122
  1714.572     0.121
  1714.609     0.120
  1714.647     0.119
  1714.684     0.119
  1714.721     0.118
  1714.759     0.117
  1714.796     0.116
  1714.834     0.116
  1714.871     0.115
  1714.909     0.114
  1714.946     0.114
  1714.983     0.114
  1715.021     0.115
  1715.058     0.115
  1715.096     0.115
  1715.133     0.115
  1715.170     0.115
  1715.208     0.116
  1715.245     0.116
  1715.283     0.116
  1715.320     0.116
  1715.358     0.116
  1715.395     0.117
  1715.432     0.117
  1715.470     0.117
  1715.507     0.117
  1715.545     0.118
  1715.582     0.118
  1715.619     0.118
  1715.657     0.118
  1715.694     0.118
  1715.732     0.119
  1715.769     0.119
  1715.807     0.119
  1715.844     0.119
  1715.881     0.120
  1715.919     0.120
  1715.956     0.120
  1715.994     0.120
  1716.031     0.120
  1716.068     0.121
  1716.106     0.121
  1716.143     0.121
  1716.181     0.121
  1716.218     0.121
  1716.256     0.122
  1716.293     0.122
  1716.330     0.122
  1716.368     0.122
  1716.405     0.123
  1716.443     0.123
  1716.480     0.123
  1716.517     0.123
  1716.555     0.123
  1716.592     0.124
  1716.630     0.124
  1716.667     0.124
  1716.705     0.124
  1716.742     0.125
  1716.779     0.125
  1716.817     0.125
  1716.854     0.126
  1716.892     0.126
  1716.929     0.125
  1716.966     0.125
  1717.004     0.124
  1717.041     0.123
  1717.079     0.123
  1717.116     0.122
  1717.154     0.122
  1717.191     0.121
  1717.228     0.121
  1717.266     0.120
  1717.303     0.120
  1717.341     0.119
  1717.378     0.119
  1717.416     0.118
  1717.453     0.117
  1717.490     0.117
  1717.528     0.116
  1717.565     0.116
  1717.603     0.115
  1717.640     0.115
  1717.677     0.114
  1717.715     0.114
  1717.752     0.113
  1717.790     0.113
  1717.827     0.112
  1717.865     0.112
  1717.902     0.111
  1717.939     0.110
  1717.977     0.110
  1718.014     0.109
  1718.052     0.109
  1718.089     0.109
  1718.126     0.109
  1718.164     0.109
  1718.201     0.109
  1718.239     0.108
  1718.276     0.108
  1718.314     0.108
  1718.351     0.108
  1718.388     0.108
  1718.426     0.108
  1718.463     0.108
  1718.501     0.108
  1718.538     0.108
  1718.575     0.108
  1718.613     0.108
  1718.650     0.108
  1718.688     0.107
  1718.725     0.106
  1718.763     0.104
  1718.800     0.103
  1718.837     0.101
  1718.875     0.100
  1718.912     0.099
  1718.950     0.097
  1718.987     0.096
  1719.024     0.094
  1719.062     0.093
  1719.099     0.091
  1719.137     0.090
  1719.174     0.088
  1719.212     0.087
  1719.249     0.086
  1719.286     0.084
  1719.324     0.083
  1719.361     0.081
  1719.399     0.080
  1719.436     0.078
  1719.473     0.077
  1719.511     0.075
  1719.548     0.074
  1719.586     0.073
  1719.623     0.071
  1719.661     0.070
  1719.698     0.068
  1719.735     0.067
  1719.773     0.065
  1719.810     0.064
  1719.848     0.062
  1719.885     0.062
  1719.923     0.062
  1719.960     0.062
  1719.997     0.062
  1720.035     0.062
  1720.072     0.062
  1720.110     0.063
  1720.147     0.063
  1720.184     0.063
  1720.222     0.063
  1720.259     0.063
  1720.297     0.063
  1720.334     0.064
  1720.372     0.064
  1720.409     0.064
  1720.446     0.064
  1720.484     0.064
  1720.521     0.064
  1720.559     0.064
  1720.596     0.065
  1720.633     0.065
  1720.671     0.065
  1720.708     0.065
  1720.746     0.065
  1720.783     0.065
  1720.821     0.066
  1720.858     0.066
  1720.895     0.066
  1720.933     0.066
  1720.970     0.066
  1721.008     0.066
  1721.045     0.066
  1721.082     0.067
  1721.120     0.067
  1721.157     0.067
  1721.195     0.067
  1721.232     0.067
  1721.270     0.067
  1721.307     0.068
  1721.344     0.068
  1721.382     0.068
  1721.419     0.068
  1721.457     0.068
  1721.494     0.068
  1721.531     0.068
  1721.569     0.069
  1721.606     0.069
  1721.644     0.069
  1721.681     0.069
  1721.719     0.069
  1721.756     0.069
  1721.793     0.070
  1721.831     0.070
  1721.868     0.070
  1721.906     0.070
  1721.943     0.070
  1721.980     0.070
  1722.018     0.070
  1722.055     0.071
  1722.093     0.071
  1722.130     0.071
  1722.168     0.071
  1722.205     0.071
  1722.242     0.071
  1722.280     0.072
  1722.317     0.072
  1722.355     0.072
  1722.392     0.072
  1722.430     0.072
  1722.467     0.072
  1722.504     0.072
  1722.542     0.073
  1722.579     0.073
  1722.617     0.073
  1722.654     0.073
  1722.691     0.073
  1722.729     0.073
  1722.766     0.074
  1722.804     0.075
  1722.841     0.076
  1722.879     0.077
  1722.916     0.078
  1722.953     0.079
  1722.991     0.081
  1723.028     0.082
  1723.066     0.084
  1723.103     0.085
  1723.140     0.087
  1723.178     0.088
  1723.215     0.090
  1723.253     0.091
  1723.290     0.093
  1723.328     0.094
  1723.365     0.095
  1723.402     0.097
  1723.440     0.098
  1723.477     0.100
  1723.515     0.101
  1723.552     0.103
  1723.589     0.104
  1723.627     0.106
  1723.664     0.107
  1723.702     0.109
  1723.739     0.110
  1723.777     0.111
  1723.814     0.113
  1723.851     0.114
  1723.889     0.116
  1723.926     0.117
  1723.964     0.119
  1724.001     0.120
  1724.038     0.122
  1724.076     0.123
  1724.113     0.124
  1724.151     0.125
  1724.188     0.125
  1724.226     0.125
  1724.263     0.125
  1724.300     0.125
  1724.338     0.125
  1724.375     0.125
  1724.413     0.126
  1724.450     0.126
  1724.487     0.126
  1724.525     0.126
  1724.562     0.126
  1724.600     0.126
  1724.637     0.126
  1724.675     0.127
  1724.712     0.127
  1724.749     0.126
  1724.787     0.124
  1724.824     0.123
  1724.862     0.121
  1724.899     0.120
  1724.937     0.118
  1724.974     0.117
  1725.011     0.115
  1725.049     0.114
  1725.086     0.112
  1725.124     0.111
  1725.161     0.109
  1725.198     0.108
  1725.236     0.106
  1725.273     0.105
  1725.311     0.104
  1725.348     0.102
  1725.386     0.101
  1725.423     0.099
  1725.460     0.098
  1725.498     0.096
  1725.535     0.095
  1725.573     0.093
  1725.610     0.092
  1725.647     0.090
  1725.685     0.089
  1725.722     0.087
  1725.760     0.086
  1725.797     0.084
  1725.835     0.083
  1725.872     0.081
  1725.909     0.080
  1725.947     0.079
  1725.984     0.077
  1726.022     0.076
  1726.059     0.075
  1726.096     0.074
  1726.134     0.073
  1726.171     0.072
  1726.209     0.072
  1726.246     0.071
  1726.284     0.070
  1726.321     0.069
  1726.358     0.068
  1726.396     0.068
  1726.433     0.067
  1726.471     0.066
  1726.508     0.065
  1726.545     0.064
  1726.583     0.064
  1726.620     0.063
  1726.658     0.062
  1726.695     0.062
  1726.733     0.061
  1726.770     0.061
  1726.807     0.061
  1726.845     0.060
  1726.882     0.060
  1726.920     0.059
  1726.957     0.059
  1726.994     0.058
  1727.032     0.058
  1727.069     0.057
  1727.107     0.057
  1727.144     0.056
  1727.182     0.056
  1727.219     0.056
  1727.256     0.055
  1727.294     0.055
  1727.331     0.054
  1727.369     0.054
  1727.406     0.053
  1727.444     0.053
  1727.481     0.052
  1727.518     0.052
  1727.556     0.052
  1727.593     0.051
  1727.631     0.051
  1727.668     0.050
  1727.705     0.050
  1727.743     0.049
  1727.780     0.049
  1727.818     0.048
  1727.855     0.048
  1727.893     0.048
  1727.930     0.047
  1727.967     0.047
  1728.005     0.046
  1728.042     0.046
  1728.080     0.045
  1728.117     0.045
  1728.154     0.044
  1728.192     0.044
  1728.229     0.043
  1728.267     0.043
  1728.304     0.043
  1728.342     0.042
  1728.379     0.042
  1728.416     0.041
  1728.454     0.041
  1728.491     0.040
  1728.529     0.040
  1728.566     0.039
  1728.603     0.039
  1728.641     0.039
  1728.678     0.039
  1728.716     0.039
  1728.753     0.039
  1728.791     0.039
  1728.828     0.039
  1728.865     0.038
  1728.903     0.038
  1728.940     0.038
  1728.978     0.038
  1729.015     0.038
  1729.052     0.038
  1729.090     0.038
  1729.127     0.038
  1729.165     0.038
  1729.202     0.038
  1729.240     0.038
  1729.277     0.038
  1729.314     0.037
  1729.352     0.037
  1729.389     0.037
  1729.427     0.037
  1729.464     0.037
  1729.501     0.037
  1729.539     0.037
  1729.576     0.037
  1729.614     0.037
  1729.651     0.037
  1729.689     0.037
  1729.726     0.037
  1729.763     0.036
  1729.801     0.036
  1729.838     0.036
  1729.876     0.036
  1729.913     0.036
  1729.951     0.036
  1729.988     0.036
  1730.025     0.036
  1730.063     0.036
  1730.100     0.036
  1730.138     0.036
  1730.175     0.036
  1730.212     0.036
  1730.250     0.035
  1730.287     0.035
  1730.325     0.035
  1730.362     0.035
  1730.400     0.035
  1730.437     0.035
  1730.474     0.035
  1730.512     0.035
  1730.549     0.035
  1730.587     0.035
  1730.624     0.035
  1730.661     0.035
  1730.699     0.034
  1730.736     0.034
  1730.774     0.033
  1730.811     0.033
  1730.849     0.032
  1730.886     0.032
  1730.923     0.031
  1730.961     0.030
  1730.998     0.030
  1731.036     0.029
  1731.073     0.028
  1731.110     0.028
  1731.148     0.027
  1731.185     0.027
  1731.223     0.026
  1731.260     0.025
  1731.298     0.025
  1731.335     0.024
  1731.372     0.024
  1731.410     0.023
  1731.447     0.022
  1731.485     0.022
  1731.522     0.021
  1731.559     0.020
  1731.597     0.020
  1731.634     0.019
  1731.672     0.019
  1731.709     0.018
  1731.747     0.017
  1731.784     0.017
  1731.821     0.016
  1731.859     0.015
  1731.896     0.015
  1731.934     0.014
  1731.971     0.014
  1732.008     0.013
  1732.046     0.012
  1732.083     0.012
  1732.121     0.011
  1732.158     0.011
  1732.196     0.010
  1732.233     0.009
  1732.270     0.009
  1732.308     0.008
  1732.345     0.007
  1732.383     0.007
  1732.420     0.006
  1732.458     0.006
  1732.495     0.005
  1732.532     0.004
  1732.570     0.004
  1732.607     0.004
  1732.645     0.004
  1732.682     0.005
  1732.719     0.006
  1732.757     0.007
  1732.794     0.007
  1732.832     0.008
  1732.869     0.009
  1732.907     0.010
  1732.944     0.010
  1732.981     0.011
  1733.019     0.012
  1733.056     0.013
  1733.094     0.014
  1733.131     0.014
  1733.168     0.015
  1733.206     0.016
  1733.243     0.017
  1733.281     0.017
  1733.318     0.018
  1733.356     0.019
  1733.393     0.020
  1733.430     0.021
  1733.468     0.021
  1733.505     0.022
  1733.543     0.023
  1733.580     0.024
  1733.617     0.024
  1733.655     0.025
  1733.692     0.026
  1733.730     0.027
  1733.767     0.028
  1733.805     0.028
  1733.842     0.028
  1733.879     0.028
  1733.917     0.028
  1733.954     0.028
  1733.992     0.028
  1734.029     0.028
  1734.066     0.028
  1734.104     0.028
  1734.141     0.029
  1734.179     0.029
  1734.216     0.029
  1734.254     0.029
  1734.291     0.029
  1734.328     0.029
  1734.366     0.029
  1734.403     0.029
  1734.441     0.029
  1734.478     0.029
  1734.515     0.029
  1734.553     0.029
  1734.590     0.029
  1734.628     0.029
  1734.665     0.029
  1734.703     0.029
  1734.740     0.029
  1734.777     0.030
  1734.815     0.030
  1734.852     0.030
  1734.890     0.030
  1734.927     0.030
  1734.965     0.030
  1735.002     0.030
  1735.039     0.030
  1735.077     0.030
  1735.114     0.030
  1735.152     0.030
  1735.189     0.030
  1735.226     0.030
  1735.264     0.030
  1735.301     0.030
  1735.339     0.030
  1735.376     0.030
  1735.414     0.031
  1735.451     0.031
  1735.488     0.031
  1735.526     0.031
  1735.563     0.031
  1735.601     0.031
  1735.638     0.031
  1735.675     0.031
  1735.713     0.031
  1735.750     0.031
  1735.788     0.031
  1735.825     0.031
  1735.863     0.031
  1735.900     0.031
  1735.937     0.031
  1735.975     0.031
  1736.012     0.032
  1736.050     0.032
  1736.087     0.032
  1736.124     0.032
  1736.162     0.032
  1736.199     0.032
  1736.237     0.032
  1736.274     0.032
  1736.312     0.032
  1736.349     0.032
  1736.386     0.032
  1736.424     0.032
  1736.461     0.032
  1736.499     0.032
  1736.536     0.032
  1736.573     0.032
  1736.611     0.032
  1736.648     0.033
  1736.686     0.033
  1736.723     0.033
  1736.761     0.033
  1736.798     0.033
  1736.835     0.033
  1736.873     0.032
  1736.910     0.032
  1736.948     0.032
  1736.985     0.032
  1737.022     0.032
  1737.060     0.032
  1737.097     0.032
  1737.135     0.032
  1737.172     0.032
  1737.210     0.032
  1737.247     0.032
  1737.284     0.032
  1737.322     0.032
  1737.359     0.032
  1737.397     0.032
  1737.434     0.032
  1737.472     0.032
  1737.509     0.032
  1737.546     0.032
  1737.584     0.032
  1737.621     0.032
  1737.659     0.032
  1737.696     0.032
  1737.733     0.032
  1737.771     0.032
  1737.808     0.032
  1737.846     0.032
  1737.883     0.032
  1737.921     0.032
  1737.958     0.032
  1737.995     0.032
  1738.033     0.032
  1738.070     0.032
  1738.108     0.032
  1738.145     0.032
  1738.182     0.032
  1738.220     0.032
  1738.257     0.032
  1738.295     0.032
  1738.332     0.032
  1738.370     0.032
  1738.407     0.032
  1738.444     0.032
  1738.482     0.032
  1738.519     0.032
  1738.557     0.032
  1738.594     0.032
  1738.631     0.032
  1738.669     0.031
  1738.706     0.031
  1738.744     0.031
  1738.781     0.030
  1738.819     0.030
  1738.856     0.030
  1738.893     0.029
  1738.931     0.029
  1738.968     0.029
  1739.006     0.028
  1739.043     0.028
  1739.080     0.027
  1739.118     0.027
  1739.155     0.027
  1739.193     0.026
  1739.230     0.026
  1739.268     0.025
  1739.305     0.025
  1739.342     0.025
  1739.380     0.024
  1739.417     0.024
  1739.455     0.023
  1739.492     0.023
  1739.529     0.023
  1739.567     0.022
  1739.604     0.022
  1739.642     0.021
  1739.679     0.021
  1739.717     0.021
  1739.754     0.020
  1739.791     0.020
  1739.829     0.019
  1739.866     0.019
  1739.904     0.019
  1739.941     0.019
  1739.979     0.018
  1740.016     0.018
  1740.053     0.018
  1740.091     0.017
  1740.128     0.017
  1740.166     0.017
  1740.203     0.017
  1740.240     0.016
  1740.278     0.016
  1740.315     0.016
  1740.353     0.016
  1740.390     0.015
  1740.428     0.015
  1740.465     0.015
  1740.502     0.015
  1740.540     0.014
  1740.577     0.014
  1740.615     0.014
  1740.652     0.014
  1740.689     0.013
  1740.727     0.013
  1740.764     0.013
  1740.802     0.013
  1740.839     0.012
  1740.877     0.012
  1740.914     0.012
  1740.951     0.011
  1740.989     0.011
  1741.026     0.011
  1741.064     0.011
  1741.101     0.010
  1741.138     0.010
  1741.176     0.010
  1741.213     0.010
  1741.251     0.009
  1741.288     0.009
  1741.326     0.009
  1741.363     0.009
  1741.400     0.008
  1741.438     0.008
  1741.475     0.008
  1741.513     0.008
  1741.550     0.007
  1741.587     0.007
  1741.625     0.007
  1741.662     0.007
  1741.700     0.006
  1741.737     0.006
  1741.775     0.006
  1741.812     0.007
  1741.849     0.007
  1741.887     0.007
  1741.924     0.007
  1741.962     0.007
  1741.999     0.007
  1742.036     0.007
  1742.074     0.007
  1742.111     0.007
  1742.149     0.008
  1742.186     0.008
  1742.224     0.008
  1742.261     0.008
  1742.298     0.008
  1742.336     0.008
  1742.373     0.008
  1742.411     0.008
  1742.448     0.008
  1742.486     0.009
  1742.523     0.009
  1742.560     0.009
  1742.598     0.009
  1742.635     0.009
  1742.673     0.009
  1742.710     0.009
  1742.747     0.009
  1742.785     0.010
  1742.822     0.010
  1742.860     0.010
  1742.897     0.010
  1742.935     0.010
  1742.972     0.010
  1743.009     0.010
  1743.047     0.010
  1743.084     0.010
  1743.122     0.011
  1743.159     0.011
  1743.196     0.011
  1743.234     0.011
  1743.271     0.011
  1743.309     0.011
  1743.346     0.011
  1743.384     0.011
  1743.421     0.011
  1743.458     0.012
  1743.496     0.012
  1743.533     0.012
  1743.571     0.012
  1743.608     0.012
  1743.645     0.012
  1743.683     0.012
  1743.720     0.012
  1743.758     0.012
  1743.795     0.013
  1743.833     0.013
  1743.870     0.013
  1743.907     0.013
  1743.945     0.013
  1743.982     0.013
  1744.020     0.013
  1744.057     0.013
  1744.094     0.013
  1744.132     0.014
  1744.169     0.014
  1744.207     0.014
  1744.244     0.014
  1744.282     0.014
  1744.319     0.014
  1744.356     0.014
  1744.394     0.014
  1744.431     0.014
  1744.469     0.015
  1744.506     0.015
  1744.543     0.015
  1744.581     0.015
  1744.618     0.015
  1744.656     0.015
  1744.693     0.015
  1744.731     0.015
  1744.768     0.015
  1744.805     0.015
  1744.843     0.015
  1744.880     0.014
  1744.918     0.014
  1744.955     0.014
  1744.993     0.014
  1745.030     0.014
  1745.067     0.014
  1745.105     0.014
  1745.142     0.014
  1745.180     0.014
  1745.217     0.014
  1745.254     0.014
  1745.292     0.014
  1745.329     0.014
  1745.367     0.013
  1745.404     0.013
  1745.442     0.013
  1745.479     0.013
  1745.516     0.013
  1745.554     0.013
  1745.591     0.013
  1745.629     0.013
  1745.666     0.013
  1745.703     0.013
  1745.741     0.013
  1745.778     0.013
  1745.816     0.013
  1745.853     0.012
  1745.891     0.012
  1745.928     0.012
  1745.965     0.012
  1746.003     0.012
  1746.040     0.012
  1746.078     0.012
  1746.115     0.012
  1746.152     0.012
  1746.190     0.012
  1746.227     0.012
  1746.265     0.012
  1746.302     0.012
  1746.340     0.011
  1746.377     0.011
  1746.414     0.011
  1746.452     0.011
  1746.489     0.011
  1746.527     0.011
  1746.564     0.011
  1746.601     0.011
  1746.639     0.010
  1746.676     0.010
  1746.714     0.010
  1746.751     0.010
  1746.789     0.010
  1746.826     0.010
  1746.863     0.010
  1746.901     0.010
  1746.938     0.010
  1746.976     0.011
  1747.013     0.011
  1747.050     0.011
  1747.088     0.011
  1747.125     0.011
  1747.163     0.011
  1747.200     0.011
  1747.238     0.011
  1747.275     0.012
  1747.312     0.012
  1747.350     0.012
  1747.387     0.012
  1747.425     0.012
  1747.462     0.012
  1747.500     0.012
  1747.537     0.012
  1747.574     0.013
  1747.612     0.013
  1747.649     0.013
  1747.687     0.013
  1747.724     0.013
  1747.761     0.013
  1747.799     0.013
  1747.836     0.013
  1747.874     0.014
  1747.911     0.014
  1747.949     0.014
  1747.986     0.014
  1748.023     0.014
  1748.061     0.014
  1748.098     0.013
  1748.136     0.013
  1748.173     0.012
  1748.210     0.012
  1748.248     0.012
  1748.285     0.011
  1748.323     0.011
  1748.360     0.011
  1748.398     0.010
  1748.435     0.010
  1748.472     0.010
  1748.510     0.009
  1748.547     0.018
  1748.585     0.018
  1748.622     0.018
  1748.659     0.018
  1748.697     0.017
  1748.734     0.017
  1748.772     0.017
  1748.809     0.016
  1748.847     0.016
  1748.884     0.016
  1748.921     0.015
  1748.959     0.015
  1748.996     0.015
  1749.034     0.015
  1749.071     0.014
  1749.108     0.014
  1749.146     0.014
  1749.183     0.013
  1749.221     0.013
  1749.258     0.013
  1749.296     0.013
  1749.333     0.012
  1749.370     0.012
  1749.408     0.012
  1749.445     0.011
  1749.483     0.011
  1749.520     0.011
  1749.557     0.011
  1749.595     0.010
  1749.632     0.010
  1749.670     0.010
  1749.707     0.009
  1749.745     0.009
  1749.782     0.009
  1749.819     0.008
  1749.857     0.008
  1749.894     0.008
  1749.932     0.008
  1749.969     0.007
  1750.007     0.007
  1750.044     0.007
  1750.081     0.006
  1750.119     0.006
  1750.156     0.006
  1750.194     0.006
  1750.231     0.005
  1750.268     0.005
  1750.306     0.005
  1750.343     0.004
  1750.381     0.004
  1750.418     0.004
  1750.456     0.004
  1750.493     0.003
  1750.530     0.003
  1750.568     0.003
  1750.605     0.002
  1750.643     0.002
  1750.680     0.002
  1750.717     0.001
  1750.755     0.001
  1750.792     0.001
  1750.830     0.001
  1750.867     0.000
  1750.905     0.000
